7 337745e5f089ca9dcb355cbd8c4c0e01 -8 0 -9 23.95 43.01 41.14 42.82 60.48 38.69 77.39 34.73 41.63 77.92 71.79 70.68 
7 1488bc5897bbc2bc143380b1bd035d0f -6 0 -9 31.97 49.00 47.77 48.13 69.00 43.67 86.57 41.51 43.95 84.92 85.99 80.09 
9 bab0f83711010e37f753254f848a9704 5 0 -4 32.29 45.33 50.27 46.40 71.19 44.22 87.43 41.37 41.18 82.29 83.76 77.40 
7 a5a0587b523af44d61aeb47326e53c47 -8 0 -9 23.95 43.01 41.14 42.82 60.48 38.69 77.39 34.73 41.63 77.92 71.79 70.68 
7 086a7f419d04ac454396769dc36ea9a5 -6 0 -9 31.97 49.00 47.77 48.13 69.00 43.67 86.57 41.51 43.95 84.92 85.99 80.09 
9 1dfb6b1e54c9e6126a24dca65e3094d5 5 0 -4 32.29 45.33 50.27 46.40 71.19 44.22 87.43 41.37 41.18 82.29 83.76 77.40 
7 c35f2e029dda5e0971f167a281a02c1b -8 0 -9 23.95 43.01 41.14 42.82 60.48 38.69 77.39 34.73 41.63 77.92 71.79 70.68 
7 cd55d22481bda54b4d543e6965396d62 -6 0 -9 31.97 49.00 47.77 48.13 69.00 43.67 86.57 41.51 43.95 84.92 85.99 80.09 
9 cd55dbaadb572d6fdd27bc5bb48008dc 5 0 -4 32.29 45.33 50.27 46.40 71.19 44.22 87.43 41.37 41.18 82.29 83.76 77.40 
7 eff5e5141b078b478b48c42bdfc5e975 -8 0 -9 23.95 43.01 41.14 42.82 60.48 38.69 77.39 34.73 41.63 77.92 71.79 70.68 
7 5fd78d85f017fe7d156b03d02ead9832 -6 0 -9 31.97 49.00 47.77 48.13 69.00 43.67 86.57 41.51 43.95 84.92 85.99 80.09 
9 4c5f863872dfbd36aca178757b109671 5 0 -4 32.29 45.33 50.27 46.40 71.19 44.22 87.43 41.37 41.18 82.29 83.76 77.40 
7 ad85eb3fcc81745dbd835a00029aa984 -8 0 -9 23.95 43.01 41.14 42.82 60.48 38.69 77.39 34.73 41.63 77.92 71.79 70.68 
7 11b78f1ec1c048380f78fbe6a03744d9 -6 0 -9 31.97 49.00 47.77 48.13 69.00 43.67 86.57 41.51 43.95 84.92 85.99 80.09 
9 0ac48ec58762d16bd31155494cbd64fa 5 0 -4 32.29 45.33 50.27 46.40 71.19 44.22 87.43 41.37 41.18 82.29 83.76 77.40 
7 1aeda31e9675ce3c5dfeb76875711b74 -8 0 -9 23.95 43.01 41.14 42.82 60.48 38.69 77.39 34.73 41.63 77.92 71.79 70.68 
