8 29c0ea1eaf4ffb084f25f86032b5bca1 0 0 5 (41.05,44.92) (58.98,49.00) (80.38,50.60) (100.21,51.65) (46.86,93.87) (84.08,99.80) 
8 5df1d004d5ccd012f9300ef3da815da1 2 0 7 (40.37,48.28) (61.42,51.73) (86.88,54.14) (104.28,56.52) (45.19,95.91) (89.18,102.12) 
6 00cba0b33d444a6a9b8c61306465c2fe -21 0 -21 (34.74,61.80) (50.22,54.75) (68.99,48.22) (88.16,39.97) (60.26,99.13) (91.19,86.96) 
8 89cd4bcc8d7b7a27ad8fb6b75a2adb6f 0 0 0 (28.87,40.18) (46.56,40.09) (66.63,40.69) (84.94,39.73) (38.58,78.26) (77.15,76.63) 
10 5a3c7ff2e43bb55ca599c0bc942191c5 19 0 2 (31.32,44.37) (50.47,45.90) (71.01,46.07) (88.23,46.87) (38.69,87.01) (77.90,86.30) 
8 e6b3f297adf4320be4abb3367b6fb5bb 0 0 -5 (28.14,40.89) (44.90,40.39) (62.12,38.64) (78.67,36.81) (38.29,73.49) (74.34,70.18) 
6 fc272be270b05a907f50f3c0046b9924 -21 0 3 (36.06,44.45) (52.03,45.30) (71.89,46.90) (91.32,47.11) (45.60,91.07) (76.59,92.68) 
0 3862fa9c51f3003fdca6c7523d664fbf 7 26 34 (43.87,29.39) (54.46,24.63) (69.34,49.07) (86.94,45.59) (26.96,64.34) (52.86,73.84) 
8 41cb81be0699b0377a8c55af9e0652ad -1 0 -17 (34.46,59.97) (53.15,56.25) (74.88,48.35) (96.24,42.04) (60.25,106.51) (91.51,96.72) 
10 c5f840ad243ce1f11488a8b369987bad 21 0 0 (33.11,44.74) (53.01,46.08) (77.12,45.92) (93.14,45.54) (41.78,89.76) (86.02,89.20) 
8 9e0946ca28ced250568839ee536f2a53 0 0 3 (40.43,44.00) (57.36,47.73) (79.55,49.06) (98.15,48.06) (42.47,82.69) (89.93,85.54) 
10 ae4bc208b39adb09b7ed3cf4c0bb7e0c 24 0 0 (29.77,40.64) (48.33,40.93) (66.34,40.27) (82.11,40.91) (43.03,82.45) (71.44,83.76) 
10 b7db2e2dd0c8e0d0cd2431b2b18240fb 20 0 -3 (36.33,56.51) (54.80,52.91) (80.66,51.22) (96.27,52.20) (48.00,95.12) (92.59,93.00) 
10 8f5443a86458d06943958552127e26d8 21 0 4 (39.38,49.08) (61.85,51.19) (78.53,51.01) (97.35,55.57) (49.10,90.68) (85.00,92.50) 
10 d90493a5b6076664a9e7b69002d4c7e6 18 0 4 (36.26,47.10) (57.90,47.75) (79.33,51.94) (93.79,49.13) (49.44,86.23) (78.84,89.99) 
0 f47012d7808a15203fa914b7fab0f5d3 31 0 17 (20.38,22.06) (32.06,24.07) (41.50,27.31) (47.84,29.78) (23.73,51.56) (39.81,56.13) 
8 6a9a859ddedf4c1f70865648d5a692e6 1 0 5 (36.57,42.65) (54.82,47.67) (76.99,48.39) (94.54,48.93) (41.30,86.90) (79.17,92.55) 
8 3a105b312fa4e0cad9835bb173cf582d 0 0 5 (38.86,50.70) (57.89,52.62) (81.45,54.96) (101.59,55.82) (50.35,93.66) (79.90,97.66) 
0 42f43ca19b08e667e63cc57eeeac7129 -29 -5 15 (23.49,20.45) (29.28,20.35) (40.25,25.76) (51.38,25.96) (24.96,44.70) (39.10,46.06) 
8 f4ba1ea558a7b6c9e288317471e698f3 0 0 14 (36.79,37.92) (53.65,43.52) (74.47,49.02) (91.22,52.68) (41.70,80.89) (67.80,89.31) 
0 012278a03f8240e8e72cad84ab2c1dae 32 0 -19 (15.25,26.50) (24.61,25.69) (35.15,19.32) (41.05,18.64) (25.41,45.76) (41.11,41.30) 
0 a82201d0d2bb92495fd130dfb8a5118b -23 21 -2 (47.51,64.38) (67.11,66.09) (94.60,63.06) (115.78,62.67) (56.15,116.19) (100.67,116.58) 
8 574b4825e7d7c9db01d09001efe84571 0 0 -9 (39.47,59.63) (57.57,57.48) (83.75,53.55) (105.04,47.85) (56.13,100.67) (105.41,92.38) 
8 bf0d804bd48ebd1c739cd8a607fd8014 4 0 4 (43.15,57.69) (70.47,62.94) (101.71,64.73) (123.16,63.39) (57.14,112.85) (102.47,122.37) 
8 508189acfb1984c631d3c774f676fdf7 0 0 -4 (37.30,58.49) (56.36,56.76) (79.05,55.97) (100.66,53.70) (49.20,95.69) (91.75,93.38) 
8 90064084f8dd707a6cab10e512048648 0 0 9 (37.83,42.58) (54.88,44.12) (75.33,48.38) (92.36,51.59) (40.62,84.73) (73.16,90.11) 
6 1376812c618d59201a0d9a3bbbd71ef4 -21 0 -10 (31.89,47.52) (45.57,47.76) (65.08,43.49) (80.71,38.72) (47.15,85.14) (73.29,81.33) 
8 204c660ff5917b8d8ea99956821e589e 0 0 0 (34.40,47.83) (52.26,48.39) (75.87,47.39) (93.77,48.28) (47.97,88.59) (78.35,92.28) 
8 63accb4cea0e2d2e856ddb7178fe9adc 0 1 5 (33.23,47.44) (51.37,48.18) (75.10,50.61) (93.25,54.52) (41.08,86.06) (71.68,90.00) 
8 228be7c766fac333963747b3eebae19c 0 0 -2 (37.96,50.08) (55.27,50.78) (79.12,48.37) (97.74,47.97) (51.08,88.66) (82.73,90.60) 
6 366ae791969c3bcee5128d13267ec462 -23 0 -8 (33.64,47.36) (47.01,44.65) (67.00,42.39) (84.22,39.14) (44.64,87.13) (73.64,85.15) 
7 e66d74f42c53ad3c293926fa3e6b1956 -11 0 4 (35.43,48.22) (52.84,49.50) (76.39,51.76) (93.28,51.60) (43.22,84.07) (83.35,87.46) 
6 dd600644bfa6842ebd4e0a360782c896 -22 0 -7 (40.49,56.11) (57.29,57.11) (79.20,53.85) (98.37,48.09) (57.19,100.01) (96.24,93.78) 
8 3cbd4ee2a655ec132c90b2d78889e37e 0 0 -14 (34.31,60.48) (53.79,55.11) (75.06,48.95) (93.39,45.13) (59.27,100.55) (95.76,89.17) 
6 63b4a0708667061e8f7e546dce0721da -19 0 -12 (28.18,50.57) (46.43,49.89) (65.13,44.38) (85.52,39.03) (50.81,93.55) (85.55,84.68) 
6 c266313ad38df1348da7851cc55e6f22 -22 0 9 (39.03,42.65) (53.71,44.29) (76.19,47.99) (94.51,51.77) (42.64,88.29) (76.03,92.91) 
14 7e015d8c86d48eac71aebea1c3af584e 8 10 -1 (36.00,52.59) (53.79,48.81) (77.38,49.61) (94.72,50.23) (50.43,88.59) (86.39,87.74) 
10 0e6d4a8f3d901fdaabbd7acc69045f95 15 0 11 (48.94,49.60) (70.20,52.39) (90.96,59.31) (108.30,60.04) (49.64,93.00) (87.06,97.65) 
8 4a72318e1894f633f6897a90adef2242 2 0 -12 (25.91,46.13) (41.54,41.21) (61.40,36.19) (78.14,35.09) (43.81,77.10) (75.91,71.29) 
6 995c497d11a9a7f11a2c981058b4fddd -22 0 0 (33.31,43.57) (49.88,44.88) (75.18,45.14) (94.00,43.90) (44.94,81.63) (85.11,80.47) 
8 9e9a828108e58c137c48e0e532f25fd6 1 0 -2 (31.73,47.13) (50.61,46.56) (75.06,45.33) (92.94,44.99) (46.82,86.29) (80.57,84.93) 
6 a0ccb19c1dfcb99420c49c3236def8e2 -18 0 15 (42.97,40.36) (59.25,45.20) (82.19,51.10) (100.77,56.65) (47.26,87.95) (78.70,97.53) 
8 b1634bd23066f179500430db8dd67104 0 0 -4 (32.48,53.76) (50.89,50.71) (74.93,48.29) (92.46,49.12) (51.85,94.20) (82.75,92.38) 
6 3c9e0ffa8df3924b3c5ee7c384af5606 -18 0 -20 (16.83,32.35) (25.87,28.66) (40.35,21.89) (49.67,20.28) (30.53,48.35) (53.53,42.94) 
7 54d7966395af28e8376a541db3425909 -6 0 3 (40.87,48.96) (57.03,47.64) (81.91,49.07) (101.87,53.50) (50.60,89.66) (81.89,94.50) 
8 0cb2431e38aaaff31d2e0232965eb7cf 0 1 3 (38.89,50.38) (57.44,49.03) (82.47,50.20) (100.82,54.55) (53.32,94.29) (85.34,95.61) 
6 d9e2937c10dd7e7f9b242614765bc486 -21 0 1 (37.16,49.20) (53.91,49.42) (80.23,50.26) (99.63,49.80) (48.14,92.68) (84.09,94.69) 
6 2c64e44ed4110f0fbc9a3eb1a4a0eb2c -16 0 7 (40.32,46.54) (56.39,46.38) (79.39,50.51) (98.81,53.64) (47.51,87.08) (81.66,91.79) 
6 b025abca93762440c7156a10e9be9824 -22 0 0 (36.30,49.88) (54.05,48.44) (77.26,47.91) (96.48,49.48) (48.91,91.91) (81.81,91.72) 
8 56960ab1ae80bf34799d98ae7e7aa690 -1 0 2 (38.08,46.45) (52.67,46.29) (77.45,47.80) (95.83,48.59) (49.45,86.26) (82.15,85.91) 
0 5983bec0b11bf57144efd267028d3ed7 -26 0 2 (32.05,37.15) (44.24,36.61) (64.18,37.32) (78.68,39.24) (38.94,72.37) (63.71,72.79) 
6 2db87fb134961093f2c1271a8e01c87f -22 0 9 (38.76,43.17) (53.17,43.25) (74.29,46.27) (91.66,52.17) (40.26,81.93) (70.79,87.28) 
10 8759cdecf2934f2f5718e6fabd4c7212 22 0 11 (36.69,41.92) (55.68,45.69) (77.92,51.13) (94.93,53.54) (42.41,87.01) (74.01,94.98) 
6 eb0f80aa4ce2feb786ce11cc3f7a2bd0 -22 0 10 (42.65,43.83) (57.86,45.02) (82.34,49.33) (100.91,54.79) (47.53,88.08) (78.62,92.19) 
10 e8ec844a1917d51aa219f387932da5b7 22 0 10 (36.90,40.52) (55.21,45.50) (73.17,48.32) (88.72,51.48) (38.98,86.04) (70.31,93.56) 
6 4f9e9b7edaa97aa032044f1cd5c446ac -22 0 -5 (35.17,51.48) (51.11,51.55) (75.67,49.30) (94.02,46.08) (50.59,98.86) (83.04,98.28) 
10 4df71fe53a79ee972220e4be8d9f3896 22 0 2 (37.92,51.38) (55.62,51.96) (77.37,53.75) (93.78,53.01) (50.02,96.99) (80.51,99.46) 
10 0693de11f2d8b73fc58fc1ba930dc830 19 0 5 (32.91,40.28) (52.04,44.84) (76.23,47.55) (91.88,45.48) (46.51,88.84) (71.75,89.59) 
6 9f0831d0ca7a89b299c24a0679a74d85 -22 0 -2 (39.31,52.37) (54.77,52.20) (78.94,52.63) (99.93,49.64) (57.43,97.44) (92.88,96.89) 
7 422ecfa26de696c85fef3832d9eed18c -8 0 -9 (34.03,54.35) (51.40,51.19) (77.72,47.01) (95.78,43.61) (54.81,97.10) (93.54,90.08) 
7 c177a3e6bd56f21c2b3e291bb2d911f5 -9 0 -5 (34.95,48.38) (50.45,47.51) (74.53,45.62) (91.94,41.73) (50.08,88.38) (84.69,86.52) 
7 0822398f9b803599cd38be3371ebe3e6 -5 0 -4 (35.35,53.85) (52.84,52.77) (77.59,52.18) (95.51,48.84) (48.90,97.43) (86.34,100.70) 
8 cced6d7c910a7dbe1140f6cfb9afb34c -3 0 0 (33.50,46.84) (48.45,43.39) (70.48,44.31) (85.24,46.39) (40.48,81.56) (76.15,82.00) 
10 48737ddebe82dbd2ecb4f8c07c122b8e 22 0 -15 (28.49,56.69) (43.53,52.56) (67.79,43.58) (81.55,41.64) (55.70,94.53) (85.15,89.37) 
8 ece73ed127af4d459f047f403feb8c47 0 0 0 (36.17,41.12) (53.81,41.08) (73.71,40.28) (90.03,41.27) (45.97,81.31) (75.71,82.30) 
7 700f3810b5427fb5b4aa658419244555 -10 0 -10 (32.91,51.40) (49.85,48.14) (69.70,44.37) (87.20,40.88) (45.57,83.14) (87.42,75.13) 
8 cb9c05eba71329cc66c25dd0136c4982 0 0 0 (34.07,46.20) (49.23,46.22) (72.10,45.51) (89.28,45.47) (45.03,85.86) (76.15,86.97) 
8 47e1d605bb32b26e249751632ca54dde 0 0 8 (34.17,41.65) (52.43,44.31) (77.55,47.65) (96.16,50.87) (39.83,84.96) (77.17,91.65) 
8 5df822108f76d912a2a57a685d70cb9e 0 0 -2 (32.74,48.73) (53.18,50.35) (76.10,49.17) (97.97,45.51) (48.39,96.00) (82.21,94.54) 
0 a04f9b8b9890bf45e45daab37f140ac1 22 -19 7 (33.39,39.34) (52.81,45.18) (77.82,49.12) (94.04,46.79) (40.42,83.04) (73.31,86.03) 
9 3832103dc22b44dc6717b9f6a71012a0 5 0 -6 (32.56,44.73) (48.38,44.26) (68.53,40.98) (84.31,40.02) (45.69,87.11) (81.65,82.15) 
10 de895953f4e18c0f9c592ab33c9b678f 22 0 1 (37.35,51.25) (59.16,51.23) (87.91,51.93) (105.71,52.71) (50.91,101.22) (92.94,101.11) 
8 67c62a4897f7542ea0955a010f200544 0 0 -1 (34.70,42.58) (52.17,47.51) (76.02,47.09) (94.19,40.15) (48.27,89.82) (79.71,87.44) 
8 37d3a31f57f3c6e94df36d2f0e7fe814 0 0 3 (35.51,48.66) (52.60,49.42) (76.71,50.68) (96.94,52.42) (45.16,92.41) (82.36,95.51) 
8 2ddd93fe36d318036f15811560517766 0 0 -4 (36.43,52.33) (55.17,51.98) (77.43,49.04) (94.94,48.23) (55.83,104.86) (84.88,102.61) 
6 e9a881a4a4972e8c01608bc04728823c -22 0 -9 (40.00,62.13) (56.18,59.43) (75.21,55.72) (99.03,54.11) (54.71,112.05) (88.96,110.07) 
10 54049d3beea50bb1ec758e8c0517c318 22 0 -1 (36.91,53.74) (58.53,55.26) (79.21,53.16) (94.96,53.85) (56.61,100.67) (85.95,100.99) 
10 9ec5e59036ee6da34ee3b65ebed88c6c 22 0 -2 (31.54,45.40) (52.57,45.76) (69.58,44.20) (83.86,42.88) (44.71,88.65) (77.16,86.75) 
8 be1bf0b1b50e4bc9d6157874c8868296 0 1 -10 (33.74,60.84) (53.22,57.43) (75.82,54.14) (97.78,48.51) (52.94,106.12) (90.52,98.94) 
9 c4544d25f9329e112693ccf47a080633 8 0 -3 (29.83,41.87) (46.74,41.01) (64.73,40.33) (79.82,38.97) (42.14,79.54) (69.72,78.66) 
10 2268fa21d726bd4a0d88e01ee4ba610c 19 0 5 (39.30,49.13) (57.58,50.90) (77.08,52.18) (93.22,54.69) (46.51,90.81) (76.67,95.74) 
10 23a7eb8e5e8bf880832b0fbace380690 22 0 -8 (32.30,43.81) (46.56,41.71) (60.90,39.77) (74.40,37.34) (45.53,74.12) (68.72,72.99) 
8 673853abfe9f5ed4a35fd6ae9dad65a4 4 0 -14 (28.54,48.29) (46.88,45.06) (69.68,39.37) (85.36,33.38) (52.34,83.88) (82.30,75.82) 
10 5889a744aa0f45786c26168a5631d670 15 0 3 (40.91,52.53) (61.31,53.45) (85.95,53.71) (103.19,56.93) (54.17,100.20) (87.91,103.86) 
8 41c9649919f5af09cc91911fad0abcd9 3 0 -3 (37.63,50.50) (55.43,49.81) (74.53,49.00) (91.64,46.46) (53.06,100.52) (81.70,97.52) 
9 9fc632f81fe52bab57104bea6d46fc9d 7 0 2 (42.83,50.61) (61.70,50.68) (82.69,51.73) (101.04,53.76) (52.73,103.21) (84.62,104.93) 
10 5e5411305207c77492613e794d69f6ab 20 0 -3 (16.26,24.32) (28.23,24.96) (40.98,21.06) (48.47,24.92) (25.73,51.35) (46.21,51.71) 
8 cebda8749e8e6de28145b920b7a91fa2 0 1 5 (38.35,43.19) (55.62,46.10) (74.10,46.80) (91.11,48.53) (44.15,89.48) (74.32,92.38) 
6 9161e516157c025e08837f96afaf4be1 -18 0 5 (42.27,47.38) (61.83,49.90) (85.21,51.84) (103.42,54.03) (44.21,91.61) (91.34,95.39) 
0 4271b32b3f6ee7055c5a8e5561a5682a 5 29 0 (41.21,57.44) (58.56,55.64) (83.92,55.54) (101.09,57.83) (53.83,99.66) (91.41,99.96) 
8 6c7323105767070698c6e83a07c8dce6 0 0 0 (36.42,45.80) (53.27,47.36) (78.47,47.51) (95.98,45.52) (51.81,90.60) (84.44,92.04) 
9 0006066f0daa36cd48b52f3d18a1bc55 10 0 6 (24.28,38.09) (43.41,38.63) (62.27,42.00) (80.92,44.37) (35.28,83.37) (68.53,89.31) 
8 e2a14b62a01b200d75a1ac7202b302f2 0 0 4 (33.81,45.20) (54.75,48.05) (77.44,50.62) (96.14,49.07) (49.28,90.28) (79.55,91.54) 
10 2e7828f2f343da77797e784dd054565f 22 0 0 (31.54,45.28) (47.18,47.80) (70.24,47.04) (84.87,45.47) (44.59,87.96) (74.98,89.01) 
6 fff72d21e5a8e7ba479dc3f0b7cbd5c5 -22 0 -7 (36.26,60.50) (55.09,59.63) (86.56,54.80) (109.69,51.12) (51.47,110.33) (95.91,106.65) 
8 1cc5d75e631428db6f227e8952f79992 -3 0 -3 (36.31,49.27) (52.27,49.93) (77.22,46.55) (93.80,47.15) (49.44,94.42) (85.20,93.86) 
10 8c252cfbcd421a0d736fec7926f837da 22 0 4 (36.62,46.45) (57.05,49.36) (79.85,50.76) (96.90,50.67) (47.53,91.59) (79.66,93.27) 
0 fd237486f8af177a7709b33ffe00ea4b 34 0 4 (36.03,44.62) (55.29,48.56) (75.76,48.71) (90.72,49.28) (47.35,88.37) (77.27,89.94) 
8 00936b22a1a1c46d23d32e722e533853 3 0 -11 (26.30,51.39) (48.41,50.31) (72.45,44.74) (92.83,37.39) (49.73,92.97) (83.50,87.93) 
8 57a6871a54c3ed5e605faf61996dd43b 1 0 13 (43.66,45.07) (62.29,51.40) (85.36,56.47) (103.62,58.81) (40.82,82.66) (84.67,94.72) 
9 011a4ba34bb14d91d488a6d273ce1279 9 0 -4 (32.02,52.21) (54.86,53.46) (81.67,51.28) (100.08,46.56) (48.02,111.42) (84.97,91.47) 
10 e0afce084c836965aa3b2f3ac92ed103 21 0 -3 (32.73,54.57) (53.91,52.99) (80.32,50.47) (99.69,50.08) (45.93,99.10) (89.94,96.67) 
8 27362cddbf7dafac47ff2a2edad1ca5d 0 0 0 (35.88,44.18) (52.75,46.69) (77.13,45.70) (95.72,44.89) (48.39,86.11) (79.65,85.99) 
10 44a8fda3b139075ca98792a4cffcee9f 22 0 -2 (14.88,22.04) (25.57,23.57) (37.55,22.75) (46.35,20.99) (20.41,45.52) (40.06,45.48) 
8 9eb28342a46db89efcd9fc61d35c4ae8 0 0 0 (35.65,47.44) (51.56,49.18) (73.21,47.99) (90.40,47.58) (42.07,80.28) (81.01,82.16) 
10 55d67987746cb8295de66f440dc51c16 22 0 5 (38.52,50.36) (59.03,53.54) (82.53,55.71) (101.20,57.45) (44.25,97.07) (83.05,100.63) 
10 f5d22991cd767cd43f2c8bfe3fb340ab 22 0 8 (41.06,48.66) (60.71,51.78) (82.90,54.30) (99.65,58.35) (51.39,100.40) (82.98,102.15) 
6 bf5e307a4111573f030c64a928e386d0 -19 0 4 (35.48,41.27) (51.93,43.03) (73.77,44.34) (89.75,46.13) (40.95,82.48) (78.72,88.15) 
10 7bad2da0ce7df0a01e6d80f9f500dce3 23 0 -3 (32.83,50.91) (54.36,50.73) (79.98,48.59) (95.44,47.00) (39.01,94.49) (89.35,88.11) 
10 95444814bd1c3d5bcd90851fb77f0f16 22 0 1 (39.65,52.13) (59.67,52.15) (85.29,51.93) (104.34,54.23) (52.13,97.79) (90.79,100.35) 
8 58d130e160beb61e306ed192abcf62af -1 0 -5 (33.02,48.35) (50.91,45.91) (76.67,43.42) (93.95,42.58) (47.47,89.13) (85.94,85.36) 
8 d439bbe6b0ed07167170c94dfc6cdce1 0 0 -14 (26.85,49.53) (42.93,44.71) (66.76,38.10) (83.64,35.41) (46.35,85.23) (80.14,74.14) 
8 c96a648c08e4d67f892f68c889d3ed0e 0 0 -6 (33.53,50.34) (52.63,48.39) (74.82,45.09) (93.94,43.84) (43.67,88.98) (89.12,84.15) 
6 563ab052f73e710d17b80d4030d89e40 -22 0 -2 (37.86,46.67) (51.97,42.79) (75.45,42.80) (97.27,41.52) (44.50,91.20) (78.63,90.21) 
6 cbc935b464d4578daf79266ebf63e573 -19 0 3 (38.96,45.78) (54.75,46.20) (77.75,48.55) (95.86,48.85) (47.80,84.16) (85.75,88.21) 
6 00eb212e8ba580a7006ce5c0d2987889 -22 0 -2 (35.75,53.08) (54.06,50.33) (80.35,51.44) (103.64,48.11) (50.75,93.77) (86.65,92.51) 
6 75fa69d9a1022e35f8dc2e4c59b93f0d -22 0 -10 (37.58,55.95) (52.16,52.55) (70.59,47.39) (90.36,46.94) (55.70,95.33) (82.26,87.87) 
6 4757279294695e5cbdc523dfbd5e4b01 -22 0 -2 (36.55,49.37) (56.03,53.32) (81.10,52.84) (100.55,46.88) (55.33,96.49) (90.25,93.62) 
8 0e1c9baa83de12ea7db053d1be886d89 0 0 4 (43.71,53.69) (66.26,55.48) (88.90,57.60) (109.28,58.45) (51.95,104.37) (93.66,107.04) 
9 aaa0af36195a3c515c98a7e0a8105fdc 6 0 1 (34.80,52.70) (53.33,49.93) (76.43,51.47) (92.39,53.59) (53.09,89.46) (83.17,92.93) 
0 066813ce40926fd087859af4ce6513ea -44 0 9 (41.54,37.19) (48.15,37.54) (63.98,40.22) (80.71,44.47) (40.70,84.42) (63.93,84.01) 
10 2785fa075b733cde5e249d5551f6fa23 21 0 6 (45.83,48.17) (63.19,52.90) (84.93,55.86) (101.21,54.86) (50.72,90.26) (86.86,96.90) 
8 ce8043f7dd0bff71b1e48532bc53550f 0 0 5 (43.53,50.54) (61.68,52.15) (85.21,54.93) (102.63,55.75) (53.52,94.57) (87.10,98.21) 
10 86f0184a71d20cce35503c4db348e2ea 22 0 -5 (30.58,47.17) (46.95,47.30) (65.11,45.51) (79.22,42.50) (47.52,85.76) (72.62,84.34) 
8 1abb8f218c60d799c9fc46c919d0ee30 0 0 4 (39.86,43.68) (55.33,46.83) (76.20,48.39) (93.51,48.33) (49.14,88.85) (79.79,90.39) 
7 12397c0e62dcc43ad72f704c56518f01 -11 0 1 (36.19,43.69) (52.32,44.73) (73.83,45.67) (90.52,44.64) (47.60,83.62) (77.20,85.21) 
8 04a2393a89da72710f2c1367a0e13871 3 0 3 (33.75,38.84) (51.16,42.84) (68.62,43.05) (84.38,42.19) (43.17,79.98) (68.73,82.85) 
10 71e94a9d82c93db1ea19b8bd31c8b672 21 0 3 (40.11,47.60) (57.74,50.22) (80.31,51.33) (96.21,50.91) (47.85,94.10) (80.78,98.81) 
8 554e38eb60733e712c58705e8d4f5334 0 0 3 (35.75,54.90) (55.80,53.02) (84.39,54.98) (105.40,58.36) (48.58,98.71) (87.70,99.55) 
8 bdca80c3c0d9a3a87d431d123266136f 0 0 0 (34.13,46.66) (51.36,48.04) (71.07,47.54) (89.66,46.40) (46.98,89.49) (78.68,89.51) 
0 31bb730baeb98a7b646e1c8cbdf2cf91 37 0 -23 (4.49,33.59) (18.01,34.78) (34.72,22.41) (41.29,21.46) (32.85,49.66) (47.42,45.97) 
8 fd7d9bdde39d8d36581c187b7d44ac41 -1 0 -3 (39.01,49.94) (55.44,48.93) (79.28,47.59) (97.93,47.44) (50.06,89.19) (89.77,87.56) 
10 ce17c02d33f2b806fef4e741691d2cee 22 0 10 (44.61,50.05) (64.81,53.25) (85.72,57.80) (102.63,60.07) (46.33,98.08) (82.06,106.41) 
10 785f972b3748385fa9a38c44df999b39 24 0 16 (27.79,28.85) (40.62,32.88) (52.56,37.81) (60.99,37.12) (30.16,61.78) (47.88,62.74) 
8 4d7b2c2a3931d6a26deeca64740fd705 -1 0 6 (18.92,20.20) (27.68,21.70) (38.38,23.76) (46.56,23.12) (23.09,42.65) (36.35,42.74) 
6 fcff9d9cb17301ed190cda429335efb0 -22 0 1 (37.75,47.84) (54.41,48.08) (75.45,49.45) (94.71,48.49) (47.32,91.55) (82.25,92.73) 
8 511616741c36637af32a1f8deb045549 0 0 -3 (35.79,51.15) (54.71,50.31) (73.07,48.63) (90.26,47.71) (47.61,89.86) (82.36,88.83) 
6 b097535c4546290486711ccaf1e89e2f -21 0 -2 (41.19,51.70) (59.78,52.56) (85.64,52.08) (106.04,49.20) (55.52,97.06) (102.31,95.42) 
10 29e55ca1617b12ed1d4e7cfe45708b40 19 0 8 (43.35,47.78) (63.98,51.10) (84.47,54.54) (101.56,55.93) (44.19,89.21) (88.59,93.71) 
6 ed34c305b0425c35f442c852494244de -22 0 0 (35.34,49.09) (51.42,50.42) (70.94,49.67) (90.35,49.18) (44.61,86.92) (86.23,85.73) 
7 1378be8941f1cd1b4428edf11cea50f2 -13 0 0 (33.73,44.71) (51.64,46.66) (80.05,47.40) (99.16,44.87) (45.05,96.90) (86.92,95.44) 
8 54e621d045fc26c8226a2e9e307568e3 -4 0 -2 (32.08,45.67) (48.34,46.50) (71.62,45.54) (88.18,42.89) (39.54,84.66) (78.30,84.88) 
8 3af6fc68b56f18abd79312b188f7fcbb 0 0 -8 (33.85,56.98) (51.62,52.30) (74.62,49.32) (92.81,48.10) (54.99,100.35) (88.01,94.43) 
8 9a6c420260520c5fd03de40257216bbe 0 0 -5 (31.30,52.03) (49.93,50.38) (74.64,47.84) (91.76,45.46) (49.91,96.64) (84.95,92.26) 
8 ce2751b7e336a6eff33e8ec1d1885a15 0 0 0 (35.32,49.78) (55.92,49.90) (80.60,50.10) (100.12,50.79) (48.89,97.12) (84.50,95.75) 
8 771ae489bcf8c27f5edc91aea099e30a 0 0 -4 (37.72,53.26) (54.87,50.92) (80.91,49.31) (100.33,47.47) (53.02,95.32) (89.67,92.45) 
8 f700e966c1b1ebb220b003e3b98d86bb 1 0 -5 (37.83,58.39) (60.48,57.94) (90.91,54.54) (110.25,51.89) (54.78,103.44) (102.86,98.86) 
8 09c00a5d597a0593b3a65fc5a6330a4d 0 0 6 (45.76,50.89) (64.34,51.08) (88.49,55.40) (110.35,57.61) (54.43,99.32) (91.37,101.74) 
8 8b1b35b467d33b741758f66411a6ac91 0 0 0 (37.92,51.08) (58.42,53.23) (84.50,53.30) (106.64,52.11) (53.30,102.20) (90.83,100.71) 
10 c8d900c4a2779cd19db68b4425c7c649 22 0 18 (41.79,40.42) (62.87,46.31) (86.09,56.43) (105.20,58.45) (41.92,80.72) (83.67,95.57) 
8 b30175f319feb20182c717a1fcbe89d2 0 0 -6 (28.41,45.69) (44.33,45.05) (68.73,42.20) (85.97,39.28) (41.16,81.95) (85.32,75.01) 
8 770e906acf2a09bfc1869503598ff17e 0 1 6 (35.64,44.02) (54.16,47.38) (79.96,50.89) (97.88,50.70) (38.55,85.51) (85.92,92.04) 
0 c2e64c5ed8125baa72873bc10fa69783 27 -16 -1 (23.46,42.50) (45.23,45.18) (68.57,44.06) (81.07,41.59) (40.18,92.40) (67.50,90.55) 
6 36f7afbe76696b70ae9a0d9271b3d2c4 -22 0 -6 (34.64,49.73) (53.26,48.98) (74.29,46.16) (96.29,43.22) (50.43,90.21) (87.41,86.94) 
8 9982a7241f41332bfe190340d161e3b6 1 0 6 (35.03,46.76) (54.93,50.71) (81.44,52.36) (99.13,54.82) (38.58,87.99) (89.42,93.86) 
8 b851e860f382bef495808cc90c18f19c 0 0 0 (32.43,41.72) (48.16,41.43) (67.68,44.83) (87.72,40.67) (41.49,79.20) (79.62,80.10) 
8 bc70d137537e48483b56a26f1cbb94e8 4 0 3 (33.30,48.68) (53.73,48.66) (76.15,50.73) (93.35,51.25) (47.90,94.94) (86.42,93.59) 
10 e82a8faaf59f7ac243077cd52f912e25 17 0 5 (42.67,48.28) (63.17,51.48) (85.84,54.11) (105.71,53.29) (54.87,101.22) (85.35,104.82) 
9 f1cceba2c1da03b2929a0cc1b2a73c28 14 0 -7 (28.71,49.30) (46.18,45.79) (67.75,42.38) (84.28,42.69) (48.35,91.93) (82.00,87.70) 
9 52b3e8b6791ea371867956767955a79e 5 0 5 (41.38,43.26) (57.72,46.48) (77.16,48.67) (94.63,47.76) (48.76,89.42) (78.52,92.55) 
6 1a102b18ceaf5bf02ebd44a9434aed39 -16 0 2 (37.34,39.27) (52.43,41.80) (72.81,43.23) (91.81,41.04) (44.00,85.17) (79.68,88.80) 
8 ddae971ccc13107f3f7358f43f472465 2 0 -1 (33.36,42.34) (49.72,43.14) (68.44,41.58) (84.50,41.40) (44.36,83.34) (74.50,81.51) 
6 a706de85dfbfdebe5ba454583bb8c8f7 -22 0 0 (24.55,30.71) (37.27,32.15) (55.22,33.26) (70.83,30.05) (34.08,67.37) (63.90,65.92) 
6 49e1c810c1a64f8fe90aba250daf4fdf -18 0 -3 (33.67,48.75) (50.88,49.67) (75.12,47.90) (93.69,45.35) (45.00,88.21) (86.13,89.39) 
10 4c9b61d1e2ef79743317de6186a4a581 21 0 9 (41.67,47.87) (63.97,53.08) (88.52,58.04) (107.94,58.05) (50.08,101.14) (89.89,105.76) 
8 7f913648ab65684406c7068105b4e5f2 1 0 5 (37.46,44.74) (57.14,47.41) (79.21,49.48) (94.95,49.56) (44.89,86.32) (81.54,87.90) 
7 2b8220877d9ab4494a2b6268ad0bbc7a -11 0 -12 (38.07,61.89) (55.17,57.54) (76.05,52.40) (95.67,49.40) (58.56,104.74) (90.75,98.03) 
6 c26b4174a983878a2e43b859253e4bf1 -23 0 -1 (32.53,46.83) (49.18,47.70) (74.49,47.77) (93.89,44.61) (48.14,96.95) (84.38,93.83) 
6 48881b29151ae8e6efa109c6436c584a -22 0 9 (43.05,44.99) (62.15,52.79) (85.59,54.82) (104.31,56.35) (45.76,96.30) (83.97,105.04) 
8 35a222ea82adfd833363ca9bbc4decee 0 0 1 (41.82,52.66) (61.27,54.68) (82.78,54.98) (102.36,54.41) (50.43,99.26) (85.50,102.93) 
8 e92a61c9442b63d4883d9312557053ed -1 0 -4 (34.91,47.62) (53.97,49.78) (75.36,47.43) (94.04,43.76) (52.27,95.46) (88.21,93.21) 
8 dcd37c4184f1d65f39a0bb5a8ac1791a 0 2 11 (46.74,46.63) (65.83,50.16) (85.32,54.48) (102.72,57.67) (49.66,90.34) (83.01,101.08) 
8 12cedd6e4545b2824eb35800bacdd55c 0 0 13 (39.53,40.39) (57.89,44.83) (76.16,49.44) (94.73,52.52) (37.61,83.39) (72.47,92.24) 
8 c977db5965451e6be1f614b9b2d06be5 0 0 -4 (36.71,53.32) (56.90,53.89) (80.89,50.78) (98.31,50.75) (50.98,96.95) (92.89,95.63) 
7 febd4fd7e228eb9c34dbb2f49729b26c -5 0 7 (40.34,41.62) (55.27,44.50) (80.03,48.26) (95.35,47.44) (43.11,81.05) (77.04,86.11) 
6 1d4f50d09053870506aa21cd97d78007 -22 0 -5 (35.45,51.67) (52.41,49.88) (70.59,49.18) (90.90,45.53) (50.89,88.04) (79.83,89.08) 
8 ec0a49cd705b29584742796341a32ba7 0 0 -3 (35.23,47.07) (53.31,46.33) (74.70,45.62) (93.15,43.85) (49.13,94.00) (84.45,92.42) 
6 e887a3d631595c7697116f850eae6389 -24 0 -7 (32.26,53.99) (45.75,52.94) (68.30,49.81) (86.69,46.71) (52.32,100.48) (85.83,93.02) 
7 6c93882dd1667e6607fae3859d932b9a -10 0 -6 (33.23,49.39) (49.60,46.54) (73.40,43.88) (90.29,42.87) (43.61,87.72) (86.59,82.95) 
7 12459f10b4ae1db8bf00cd3f3dd87170 -10 0 -3 (47.56,66.09) (68.26,62.04) (93.06,62.76) (120.37,60.65) (57.64,121.38) (102.99,118.47) 
8 b191f51f4a31c85dd405ccb35541ca93 0 0 -5 (36.49,49.33) (54.39,47.83) (72.93,45.59) (90.58,44.43) (48.36,89.95) (83.08,87.67) 
6 25ef22312de9eed59ff47ae488580c63 -20 0 4 (42.23,46.82) (59.10,48.25) (79.78,50.67) (100.54,50.41) (48.98,94.24) (82.26,97.35) 
10 8d5b282cfd377a51f27f2705c8dea7ec 22 0 -6 (50.87,74.11) (77.19,71.27) (104.74,67.75) (127.19,64.93) (69.11,132.94) (121.43,132.24) 
8 3da5bfc2b7df38b35f37ba8cecdeee65 -3 0 0 (31.85,47.08) (48.68,46.77) (68.12,47.39) (85.49,47.24) (39.52,89.50) (73.90,91.38) 
8 d73f146736d099521cca7ce0856eef47 0 0 -3 (33.11,48.86) (51.50,48.07) (73.14,46.28) (92.78,45.73) (45.89,91.15) (81.48,91.76) 
6 e3b1bb2bb76edc206f123d9922bac69a -22 0 1 (40.16,50.44) (56.16,50.15) (76.66,50.88) (96.65,51.79) (45.60,94.07) (80.07,94.34) 
6 2544857497fbb25a1406c1ac0b790730 -18 0 1 (36.40,45.89) (51.70,49.61) (78.29,49.77) (99.53,47.97) (47.02,97.21) (83.04,97.95) 
8 d994a5e673ea9a4219fabe155b0ffd31 0 0 -7 (35.39,48.91) (48.99,47.89) (67.90,45.12) (86.51,42.35) (46.18,78.02) (85.42,74.25) 
7 045ea7f6eda87a77d8f96a6e2816c989 -5 0 -1 (36.43,51.34) (54.32,51.81) (78.52,50.98) (99.79,49.87) (47.61,86.05) (92.98,86.93) 
8 8cd8ffd37764c09ca797ebd1a48b7485 -2 0 -2 (36.80,55.08) (55.98,54.91) (81.92,53.26) (101.76,51.72) (47.64,93.73) (94.22,92.75) 
8 d9cb8a924c4857c2f427abb5d6474bdf 0 0 0 (41.04,45.42) (57.95,49.58) (82.62,49.33) (98.12,46.33) (52.53,90.77) (82.98,91.63) 
10 439083a5ef9e5fbd038bad071166b0ab 22 0 -6 (29.02,49.79) (47.91,49.66) (68.92,46.52) (84.92,43.84) (47.58,92.66) (81.33,89.04) 
8 cebb6dcb865167c4dac6a4ea7cc8a16c 2 -1 0 (34.40,47.49) (52.05,48.37) (72.88,49.70) (91.45,46.60) (44.82,85.59) (80.72,85.82) 
8 d4e83f072a8dc4730579e60e2e22b3f5 0 0 -3 (33.54,45.51) (50.18,45.17) (75.36,43.81) (91.20,42.44) (45.83,82.21) (87.60,76.88) 
8 3afa2d35a16f176554a95322cf081896 -1 0 -6 (37.31,55.93) (52.12,52.16) (74.00,50.20) (90.45,50.03) (51.60,93.30) (83.49,89.61) 
8 ac0c89eee085f0b2bf33ba63be05375d 0 0 4 (40.35,48.26) (58.92,49.59) (80.06,51.47) (96.30,53.13) (47.31,89.32) (82.35,93.47) 
6 f3c0f292b41fc5defc4a319afd8761bf -23 -1 10 (34.21,37.46) (47.57,40.64) (63.35,42.87) (79.72,46.90) (36.37,76.11) (64.62,81.45) 
6 a7205b8a7afa58580f1b2718c43d874e -16 0 2 (39.80,49.58) (57.18,50.83) (80.83,52.54) (101.50,52.17) (50.65,99.36) (82.61,99.81) 
8 9cf3869928b2c82a0b773fcba1800da0 0 0 2 (44.91,49.03) (60.52,49.83) (80.72,50.39) (96.82,52.20) (49.70,90.88) (85.40,91.38) 
0 44d7e7179413b4e7886baac0ae6868a9 49 0 -10 (24.02,32.23) (34.53,29.87) (49.55,27.38) (62.27,25.54) (40.11,60.57) (58.59,58.61) 
8 55f7c234e9417c049c0c8d9fce3bcfcc 0 0 -3 (34.33,49.87) (51.43,49.52) (73.26,47.91) (92.57,46.97) (49.06,93.20) (80.89,91.73) 
6 55e0368cb8df2aad0126fca1532898a5 -23 0 -18 (36.65,60.15) (50.49,57.41) (72.66,48.89) (93.04,43.81) (53.68,99.93) (94.07,87.50) 
7 8506877e449a4a210f348ad9f9d04a71 -13 0 2 (40.81,48.53) (59.49,52.46) (82.11,53.41) (101.05,51.16) (54.07,91.42) (86.65,94.09) 
10 c2677511598a17a1ac09f2febbd487ea 22 0 4 (33.10,39.90) (51.53,44.02) (73.24,46.29) (89.34,43.69) (41.26,88.61) (73.08,90.62) 
8 eb1fde4acb9ef56eb259e4d39db2cf5f 0 0 -3 (36.09,47.58) (54.66,48.42) (76.60,46.40) (93.55,44.88) (46.48,92.91) (85.59,94.01) 
8 a3926d51866de3e7110431884658d0ac 0 0 -5 (38.22,56.49) (56.23,56.02) (81.13,54.70) (103.05,50.63) (54.09,102.26) (88.82,100.90) 
6 f6cb82b3a04781e6844238ce00d98115 -22 0 -7 (41.84,53.41) (57.41,51.33) (80.61,48.99) (102.19,45.48) (54.63,100.13) (95.79,98.69) 
10 1161b226e7c3f4b7a7be44933a18ab4d 22 0 2 (32.39,45.20) (54.90,47.33) (76.67,48.81) (94.71,46.75) (41.82,87.76) (79.61,92.12) 
8 2033dbb19da08044590dc037ef629425 0 0 -1 (36.97,48.03) (56.71,50.96) (79.31,50.10) (99.66,46.92) (48.17,95.38) (85.20,96.61) 
0 2f0fdaf9ebfbd386bc71ce578848de27 -43 0 -4 (37.16,45.78) (47.98,44.44) (64.42,43.42) (82.83,42.88) (47.32,91.03) (72.44,87.09) 
9 da777a1ff768c7a276a60c7df0a50c31 13 0 -1 (34.75,49.35) (54.01,49.52) (78.19,48.47) (94.55,48.97) (46.55,98.86) (81.05,99.46) 
10 69285ec944b15f98071d6480dcfc436b 22 0 -10 (23.86,45.06) (43.53,43.67) (65.14,37.62) (81.16,36.65) (39.73,88.88) (75.43,86.31) 
0 766506e0ebdf97161beae512211b76cc 25 0 7 (46.19,48.22) (66.49,48.09) (83.09,51.04) (96.54,54.36) (52.56,96.66) (82.42,100.78) 
8 9f92bcd1d70931b0e09200ec462d18a5 -3 0 -6 (37.56,57.11) (54.14,52.63) (75.14,50.65) (93.94,50.47) (46.54,95.44) (90.97,89.30) 
8 f3034191219d27e509ee9939ed7b27ca 0 -3 3 (31.74,39.23) (50.67,40.67) (71.91,42.40) (89.54,42.04) (41.49,85.24) (72.14,85.36) 
8 0eb69491ee4daca11c584edd3a855416 0 0 1 (38.91,48.30) (55.51,46.70) (79.49,48.13) (96.52,50.21) (47.03,93.52) (85.39,96.09) 
6 d3194ce58a1871eecc7446985d0a1d95 -22 0 -16 (37.40,55.52) (54.96,53.59) (70.55,47.99) (89.22,41.98) (56.31,100.12) (88.09,89.10) 
8 efe12c6f21d90d8b590f9049524ccdae -1 0 -1 (37.59,47.63) (55.29,49.52) (75.65,50.00) (94.92,46.08) (47.10,92.87) (82.01,92.16) 
6 8e7c12f4a6964ac155633147d6fd99b1 -16 0 -9 (32.43,49.57) (50.79,49.67) (70.02,45.34) (89.45,41.52) (47.16,92.61) (81.73,88.05) 
10 ba718cdd09330c91bad50bb22fa51316 22 0 3 (35.75,41.72) (53.90,45.21) (72.50,45.88) (88.33,46.09) (46.53,89.95) (77.28,90.01) 
6 36b04c096ac34975e405b38a2d24a199 -22 0 -6 (35.35,51.20) (52.06,51.98) (69.49,50.01) (88.84,45.46) (50.74,95.81) (81.09,91.67) 
8 cef67355c6c9ca0052cd979a43e4ecc2 0 0 6 (44.69,47.73) (63.82,52.18) (81.27,54.74) (99.96,53.34) (52.77,94.25) (85.39,96.75) 
10 14b8c789e635c6a0cd0070a693f03e93 21 0 5 (37.56,44.63) (56.05,47.71) (80.96,50.66) (96.83,49.92) (45.89,87.25) (81.85,93.11) 
8 abb23617bb5a63241a78d6edad56d1fe 0 0 -1 (37.95,51.61) (57.83,51.29) (78.21,49.31) (98.08,51.05) (49.91,90.94) (88.52,91.75) 
8 6f3996a5e8a69f8951de7a99e54cfa27 0 0 -5 (35.33,54.92) (54.83,55.55) (78.51,51.90) (98.12,50.28) (51.56,94.11) (89.33,92.26) 
8 657d842cc4aef323c84ae5ccf60a8baa 2 0 2 (18.20,36.75) (34.47,34.29) (54.04,36.53) (70.44,38.06) (34.85,73.09) (60.84,80.37) 
8 021f62e8abd208fef41ed37797ee535e 0 0 -11 (28.18,48.80) (45.86,45.75) (64.88,40.53) (81.67,38.42) (53.38,86.74) (77.40,82.58) 
9 603287201d9190c750c32cf32f058163 9 0 -4 (38.02,54.94) (57.75,52.72) (79.48,51.53) (96.87,49.65) (53.65,101.54) (91.65,97.35) 
6 48f600890680290f4b2531d089250c48 -20 0 8 (41.91,47.80) (58.52,50.02) (81.15,53.97) (99.13,54.67) (47.26,100.74) (80.48,105.51) 
8 5c8674cca220f49296ecbfa23ad9f84c 0 0 -5 (35.48,46.83) (51.31,44.99) (70.93,42.92) (87.19,41.21) (48.30,85.11) (79.41,82.89) 
10 e79936bd2cdbfe4680d795e1ebe44da1 21 0 2 (45.43,59.80) (68.29,59.74) (93.04,61.73) (112.36,63.52) (58.51,108.91) (95.34,111.30) 
0 5fa509be4374b5334918cbef8a1f345d -44 -3 4 (41.25,52.57) (51.57,50.73) (69.14,54.90) (90.87,53.14) (50.82,95.66) (84.20,96.56) 
8 619362658ee2231f20b2db0285f67f05 -4 0 7 (30.13,37.05) (47.52,41.39) (68.92,43.28) (85.88,46.04) (33.86,79.58) (74.22,85.45) 
8 8d8e1553aeefa0d2e12859ef09148895 0 0 -7 (35.65,51.41) (51.72,49.86) (71.23,47.50) (87.00,44.14) (50.76,89.35) (79.35,89.36) 
8 51bccbb1a61ad9f7d86134e75c639d9b 0 0 0 (49.77,60.46) (67.18,58.95) (88.77,58.89) (106.93,60.11) (58.92,110.11) (95.09,109.12) 
11 238971c5d3bc9994f08924c438a55717 -22 14 -8 (38.69,56.46) (53.79,55.07) (77.47,51.93) (98.22,47.64) (50.70,101.53) (88.34,93.99) 
9 29e2b9fac6d38fa0b699693cba22a312 14 0 5 (19.90,35.73) (38.80,34.32) (58.59,36.50) (71.04,38.95) (33.72,77.90) (61.00,78.54) 
10 e5a1e9fbc7f5f317f7dc620a461e0c88 22 0 7 (35.58,44.35) (55.00,48.10) (79.35,50.63) (95.77,52.50) (41.47,92.85) (80.18,96.20) 
8 36fdb98ae70db8e063291b64f888348b 0 0 -2 (37.51,48.64) (54.36,49.62) (75.71,48.70) (93.85,45.89) (47.98,92.28) (85.37,91.85) 
8 6d3699871b5493a82f48d8241a69ae53 -4 0 -10 (42.98,56.37) (58.05,54.94) (76.99,50.29) (92.33,48.37) (61.45,94.97) (88.10,89.00) 
9 ca4c0ec2d4c77f70273db3b7ad953ce5 11 0 -2 (34.09,50.05) (52.87,50.22) (75.11,48.74) (92.81,46.99) (48.28,96.77) (80.96,96.81) 
6 5c63ba5f4604b7c5e9599f433c142604 -22 0 1 (36.01,47.28) (52.71,47.68) (81.51,48.01) (101.46,48.13) (51.04,91.05) (90.01,89.86) 
9 949f8cac55afba10672130dc8fc4063f 13 0 7 (34.77,43.51) (56.53,49.24) (79.14,50.52) (97.64,52.40) (43.31,94.52) (75.38,96.10) 
8 114cd051904817381fca28946478859e 0 0 -9 (35.94,51.94) (53.13,47.82) (72.44,45.16) (91.23,42.13) (53.97,90.16) (82.08,84.10) 
8 4ebb8619c9d4f5f92be7efd1b2ee6dfd 0 0 1 (31.53,44.66) (49.50,45.55) (72.06,45.31) (89.58,46.99) (40.72,85.74) (78.10,87.52) 
8 9e02f13eea29f9f844c1abf750171a23 0 0 1 (34.72,38.86) (50.78,42.33) (71.09,42.08) (87.46,40.77) (45.79,80.00) (73.67,79.35) 
6 937f73728aff9d467a4e7a3344c50ad7 -22 0 -4 (38.08,50.75) (55.71,50.08) (76.51,49.12) (97.48,45.97) (49.82,94.00) (86.12,90.90) 
6 9aad9fdf1789fc1ae16076e80723f6a5 -23 0 -4 (38.88,50.79) (53.43,50.06) (76.30,47.66) (98.73,46.55) (54.44,103.38) (85.29,99.76) 
8 fd2aea17f3ec0f3b26b2387113d7ad20 0 0 -5 (34.81,54.87) (53.39,53.58) (76.71,51.08) (94.45,49.30) (46.89,92.23) (85.79,87.87) 
6 c3f7dfd5f8626a7c521e8fdc8cafe5bc -21 0 -5 (34.84,54.20) (51.53,53.81) (76.26,50.86) (94.84,49.00) (48.16,93.64) (92.54,89.99) 
7 8b3e64285b41409440f538e8203fc99d -12 0 -3 (34.38,49.40) (46.92,47.93) (68.50,46.95) (85.05,46.15) (43.62,88.47) (80.23,84.03) 
10 d40149e1c720c82ecd23c7e5e45ca940 22 0 15 (42.02,45.58) (61.27,49.17) (83.37,56.96) (98.11,59.86) (45.01,96.39) (80.03,104.47) 
6 f02fed13bca66d4391c9b9ae6b2237d4 -17 0 -10 (37.28,52.68) (52.71,51.21) (72.84,47.76) (92.59,42.77) (49.68,90.67) (87.38,86.85) 
8 de7ca87b56440abb3dd132455fa1e631 0 0 -4 (37.27,49.73) (53.84,49.08) (71.74,46.94) (88.40,44.89) (51.95,94.80) (79.18,93.42) 
8 d2d2cd22a5c8e35c9ded6f4efe314d50 0 0 7 (46.87,52.16) (64.30,53.91) (85.13,56.99) (102.08,58.83) (53.68,101.64) (86.78,103.06) 
8 98ecf9747538bcc67dc54d5a721b07ae 2 0 1 (35.32,42.38) (53.32,43.30) (73.40,44.14) (89.55,43.50) (39.65,84.83) (75.69,91.33) 
8 ccaa5d20a6fd6eb5e6e96c04d5b4018f 0 0 1 (39.81,49.95) (57.75,50.59) (80.75,51.13) (97.69,51.35) (51.63,99.07) (83.91,97.40) 
8 b337de96b5e677556db64de8c27e27fe 3 0 16 (44.38,40.02) (61.91,45.35) (81.04,50.69) (97.12,56.20) (41.86,84.53) (71.21,96.77) 
8 2f60ae99aa94e1e74a2cda3ba850fd59 0 0 4 (40.43,45.89) (56.46,48.67) (79.05,50.67) (96.52,49.48) (47.56,93.10) (80.21,96.03) 
8 86e1e1a26ba5a00daeca18d85bdc5e15 -1 0 -6 (35.38,50.39) (52.79,48.68) (72.97,46.16) (92.10,44.49) (45.83,90.71) (87.82,87.47) 
8 2467d20a6846145fa81602f447a46152 0 0 -3 (39.39,54.98) (57.37,52.83) (80.31,51.97) (98.41,50.51) (50.39,100.30) (89.00,99.09) 
8 211d37207a37ccad4f3adc943e049978 2 0 0 (35.78,45.88) (52.93,47.19) (75.90,47.02) (91.31,45.01) (44.02,91.61) (78.22,90.76) 
7 1991365a78a5e062fb271f6cab5a8f22 -10 0 -4 (37.91,47.06) (51.86,46.75) (70.50,46.03) (88.02,43.08) (49.18,88.85) (80.07,86.60) 
9 bacf552bcdd75ede9a7e3b3776ea38ac 6 0 -4 (32.10,45.21) (48.70,43.34) (69.20,42.01) (83.26,40.50) (48.13,88.10) (76.34,86.70) 
0 638e4dce011a134aef72c10be460b6ac 1 29 -7 (38.29,56.04) (55.61,54.04) (80.36,49.67) (96.40,48.39) (53.13,99.08) (96.92,93.02) 
6 b284d423f625a366d8695fdc592d5d3c -22 0 0 (33.60,41.24) (48.13,43.09) (69.76,43.33) (87.94,41.19) (40.93,78.68) (86.28,80.60) 
8 7906687d11061e60f0a0ef4edc5fb33d 0 0 -8 (38.61,55.34) (54.65,52.42) (76.07,49.40) (93.88,45.87) (57.93,100.72) (88.62,95.43) 
8 7daaa5a8a50ed2e54d97d67f065388d1 0 0 1 (34.87,44.86) (53.17,45.99) (73.02,46.65) (89.91,45.58) (41.21,83.16) (78.17,86.03) 
6 93254e599d4df3d6c94d9d6b24bdff27 -22 0 10 (39.89,40.93) (53.66,43.98) (71.30,48.58) (90.37,48.64) (41.04,86.68) (71.23,91.47) 
9 25a2c33f6d6f5227d0c84f1c57ab2620 6 0 7 (36.04,41.01) (53.36,45.55) (74.64,47.96) (90.27,47.50) (35.60,80.75) (80.27,84.78) 
0 db9a0bb09f1ccff8f5634ffcc5db3da6 -30 0 4 (29.51,34.98) (37.25,33.73) (51.99,38.06) (70.03,37.26) (35.04,69.47) (56.19,70.24) 
8 e219b38c0a1440ebf1551339a9a79123 0 0 -13 (34.10,54.56) (50.26,51.05) (71.27,45.35) (88.12,41.06) (53.76,99.55) (86.69,89.30) 
10 8b3892210a29cc7f60ac0097ada5a3bd 22 0 -3 (31.40,44.66) (50.72,44.81) (69.62,43.16) (84.11,42.10) (43.79,90.65) (78.68,88.78) 
7 57af44417c5042502012d8d002979c9c -11 0 -7 (40.01,53.46) (52.98,48.69) (76.73,49.43) (92.70,46.34) (52.19,93.68) (80.99,91.74) 
10 c9b5b7eac8a5c2f23a61977593490655 22 0 -5 (34.31,48.48) (54.94,51.28) (77.84,46.51) (93.60,43.95) (38.35,90.41) (85.87,87.47) 
8 1d33f7dc063b05b1f19b3a8982da3106 0 0 -1 (41.34,52.42) (58.86,53.08) (81.70,51.93) (99.56,51.27) (52.69,101.30) (86.83,101.41) 
8 81e0e3f186d9c6352a6a451bab1f056a 0 0 -15 (35.19,60.85) (52.82,55.38) (76.13,48.15) (93.70,44.71) (58.44,102.82) (91.54,93.33) 
8 be63628724facf81a95ca1dc07521eb1 0 0 -14 (34.40,54.19) (51.49,52.56) (74.53,46.10) (90.35,39.78) (53.09,90.54) (94.98,81.04) 
9 323328e64e7803521899949296d6ab14 14 0 -4 (34.40,52.77) (54.38,50.29) (75.05,48.36) (91.08,47.89) (50.64,96.12) (87.15,94.66) 
7 70ca82f03fffdd19b5f3d1270e663f7a -12 0 2 (37.39,43.83) (53.44,45.56) (75.97,46.53) (93.44,46.77) (45.56,87.50) (79.68,89.87) 
8 a342c1a36db467295efdb2b65e117302 0 0 -3 (37.09,53.85) (55.00,52.75) (80.94,51.08) (98.50,49.50) (46.87,94.61) (93.87,91.90) 
9 20d4ae8529c168d9b9123490c7047047 5 0 -3 (33.89,44.22) (51.11,44.87) (74.40,43.56) (90.13,41.05) (38.01,80.19) (87.75,76.15) 
8 9b8555e301c95a05d789806de4d95cbb 0 0 5 (20.36,27.81) (32.53,28.15) (47.40,30.08) (57.32,31.25) (27.91,54.98) (48.11,57.15) 
8 de4424b8118f75ecd4aba2971d21232a 0 0 0 (36.27,46.39) (52.72,47.05) (73.01,46.21) (90.46,45.14) (47.33,92.50) (82.19,87.09) 
8 be6f283c92de6cc873ce9907309da815 0 0 -3 (43.79,58.32) (60.84,56.28) (84.62,54.42) (101.81,53.78) (57.61,105.46) (93.28,101.33) 
8 02b667ff464be078dc0c195f1839058d 0 0 0 (29.72,41.27) (47.09,42.86) (67.72,44.25) (84.76,40.56) (32.61,71.32) (76.25,70.82) 
8 701b4c9f7d14eee85a3a9b470a68cb89 0 0 2 (39.20,46.09) (53.24,47.03) (76.17,48.79) (91.85,48.14) (42.43,83.13) (83.35,85.49) 
6 36783508879f0861a6783cafd6ff8890 -22 0 -2 (39.26,51.38) (54.42,51.34) (73.11,51.41) (95.31,48.36) (53.96,101.57) (86.88,99.93) 
8 81afaa84762a7858c65c4282b3cdb2f9 0 0 -7 (39.18,53.72) (54.71,50.69) (78.00,48.37) (95.09,45.40) (53.93,98.23) (87.88,91.91) 
7 7d1ee4931260190e2a603730d01c2b05 -6 0 -10 (20.11,33.53) (34.32,34.76) (49.96,28.72) (62.97,27.44) (33.95,67.61) (62.36,62.72) 
8 68b456d27d5e73a1424b41542874d45c 2 0 6 (37.27,43.51) (56.10,46.34) (76.41,48.94) (93.37,49.57) (39.71,87.69) (83.19,92.04) 
8 ddf4d464b05e9d1f92d345f8a4dcc4a0 0 0 -5 (37.40,48.44) (53.20,47.44) (76.09,45.75) (93.06,43.53) (51.14,93.96) (83.50,92.82) 
8 b7f4c9dd411e16b8c35b23cf10789ce9 0 0 -2 (39.56,49.80) (54.87,48.93) (77.41,48.20) (94.16,46.56) (49.80,94.12) (84.05,93.02) 
10 4689b01f119bbf13a16cc4066be52cf6 21 0 1 (35.98,45.75) (54.20,48.67) (78.52,48.63) (94.33,46.21) (43.02,91.07) (87.99,97.11) 
8 0c28d001b7af88c01cb0389360f2e352 2 0 6 (35.90,43.97) (54.26,45.61) (75.63,48.03) (91.60,49.99) (38.43,87.20) (78.79,91.75) 
7 9c99f4e4ceaac387bf489adf6fb00565 -10 0 -2 (12.91,18.52) (19.49,17.36) (28.46,17.35) (35.35,17.41) (18.58,34.18) (30.05,34.04) 
8 1996b60019813aee9aa1c298189a2937 -3 0 -3 (30.20,48.43) (49.48,48.46) (75.76,47.06) (96.60,44.84) (42.25,90.21) (87.73,85.02) 
8 19893216bd2c33a18b976598c063f64d 1 0 2 (32.04,40.80) (51.36,42.65) (73.97,44.64) (91.12,42.44) (36.23,75.88) (80.96,77.39) 
8 5a70dcb16ea3f7e7e8e4b4cb620fb433 2 0 1 (24.91,45.05) (45.36,44.44) (69.43,45.90) (86.05,45.47) (44.14,86.39) (70.25,86.18) 
8 7066d0e1f0e0e1410b8089ac03597cd3 0 0 1 (36.25,45.71) (53.41,48.29) (80.62,49.04) (97.19,48.24) (48.05,87.95) (84.80,88.38) 
9 eab74e7acea23bf03eeae8e6856040d5 14 0 -2 (33.09,45.32) (52.43,48.42) (76.03,45.22) (92.45,44.08) (43.88,87.84) (80.68,89.06) 
10 ffecfa8190c948132be44430863ee564 22 0 -4 (35.14,48.31) (54.28,45.74) (72.56,45.10) (87.68,43.36) (48.05,88.97) (83.11,86.29) 
8 6d6034b9410f6dc776ccbcaf42652e18 0 0 0 (36.81,51.25) (57.89,54.49) (79.27,54.25) (98.50,51.85) (44.72,89.93) (84.68,92.56) 
8 80014334cc3d2639419971bb3e0d7b39 0 0 0 (36.01,52.34) (56.93,53.34) (83.49,53.62) (103.38,52.20) (45.28,91.56) (93.50,91.82) 
8 ba5f6115a8aacc6dfc122dba102ece61 1 0 -2 (28.89,56.57) (48.01,52.72) (76.18,52.57) (95.77,51.62) (46.71,104.90) (84.88,103.85) 
8 fe5fb651142c9734cd54f2f804f88d40 2 0 -5 (35.96,50.25) (53.85,52.76) (74.23,49.43) (91.78,46.30) (54.47,98.48) (82.85,95.69) 
8 e262fb9a6bf54fbba3d559fa04b5d287 0 0 6 (36.43,43.47) (55.87,49.09) (81.10,50.94) (99.53,52.20) (35.64,82.09) (86.18,88.25) 
9 b55b582aa14f1427e5ac9fedfbfaf7a3 5 0 5 (35.23,44.51) (52.11,46.67) (70.45,48.24) (86.38,48.88) (45.24,86.99) (75.44,91.58) 
7 77019e0e92944a92779c76d3d6afad22 -6 0 5 (39.07,47.70) (56.88,50.21) (83.20,52.70) (103.36,53.49) (42.16,92.70) (91.53,96.59) 
11 ec714aaecfe33f22eeed42ca387259fc -18 5 4 (45.38,53.16) (65.11,54.69) (91.43,57.08) (115.12,57.55) (52.54,101.72) (91.08,102.97) 
6 5e0a8ce21c08f6aa4de934a091584b49 -23 0 0 (40.48,46.36) (55.00,48.61) (74.74,47.49) (93.14,47.02) (45.88,86.92) (83.73,86.85) 
6 e71afbfb8fb692c4c04587fcbf747cba -22 0 0 (37.35,46.15) (53.77,46.59) (78.89,47.96) (98.87,44.64) (48.37,91.54) (79.16,91.66) 
7 3d79532a77797873b8b97e694d8bb9f2 -8 0 -3 (40.19,56.00) (59.14,57.97) (82.97,55.88) (103.47,52.69) (57.77,108.06) (90.36,106.11) 
9 fc2801c91eb6fd1f67f3c6469da59221 8 0 -8 (31.34,52.86) (50.52,53.13) (74.06,49.08) (91.04,44.56) (49.72,96.95) (86.63,92.45) 
6 22d294df509c8c2160b5e5863ec755e6 -22 0 10 (40.29,43.47) (57.67,45.86) (77.33,50.48) (97.80,52.69) (42.60,86.59) (79.57,91.02) 
8 b88199111b57737730e08f8b8892e2f3 0 0 -2 (40.82,56.34) (59.84,54.31) (84.38,53.81) (103.19,53.91) (53.89,103.90) (94.94,100.41) 
8 6b91b686c16108b2f99c2542e55a2a8b 0 0 5 (32.66,42.07) (53.15,45.57) (74.78,47.22) (93.04,48.14) (41.30,86.29) (81.26,86.76) 
8 34713bde43bdd0e228db1c94b39a1732 -1 0 -8 (32.10,55.73) (52.90,54.20) (77.45,50.29) (96.93,46.66) (53.18,105.00) (94.99,97.05) 
8 3c0745de7a93c0732de957d151a8ad9c 0 0 4 (39.00,46.39) (61.19,51.58) (84.26,51.74) (104.94,52.71) (49.98,100.09) (87.28,101.76) 
8 540f4e16ce802789ae7ac27adfac6de1 0 0 11 (39.78,43.81) (57.19,48.70) (82.79,53.60) (100.29,56.26) (44.01,93.00) (78.41,101.23) 
6 4d09c3b0e4601e7f2530befbc94a8a7c -15 0 -9 (37.38,55.55) (56.37,53.05) (74.59,49.82) (95.14,46.42) (53.12,94.67) (92.42,91.13) 
6 34064c21097687f7368fcf906e73fbcd -22 0 -7 (35.49,48.63) (54.36,48.84) (74.66,46.65) (97.64,40.94) (51.80,93.37) (88.77,90.63) 
10 1c24fec1517bcbf4d752a4d45f4ea886 22 0 10 (32.44,40.72) (53.12,45.52) (75.20,49.86) (90.47,51.23) (41.88,87.81) (68.75,92.30) 
10 3d9f34ccf14f2f71b92a51deec26b9cd 22 0 1 (37.94,47.93) (58.82,48.38) (80.62,48.52) (99.20,49.31) (43.62,90.71) (85.77,93.69) 
8 d0d6297c6cdd8c6a73d8012713b16fcf 0 0 5 (35.34,44.66) (54.27,47.17) (78.67,49.23) (95.98,50.14) (41.68,91.57) (78.90,96.21) 
9 ca61e94ffb0e6bbb940ef5c20361cb49 14 0 5 (35.13,43.06) (54.61,45.48) (77.17,47.70) (93.25,48.54) (39.91,84.81) (84.47,88.13) 
6 276210f68d0ca402226f0ca1149f4dad -22 0 1 (33.29,46.59) (51.39,47.34) (77.45,49.59) (96.51,47.87) (45.28,84.86) (90.30,86.17) 
0 2df56c177ecc28e329fd01f62fd79f5e -27 0 -2 (41.34,49.47) (56.94,47.89) (77.48,47.59) (99.73,46.80) (52.72,100.91) (89.79,97.12) 
6 d149d2a8ffea154a5a14e78dc15da97d -22 0 0 (43.17,50.77) (59.24,52.84) (77.10,53.30) (94.78,51.32) (52.29,96.70) (82.20,97.63) 
9 5a953acb6eea7d3e3b5b95ceb3590008 12 0 -3 (38.22,50.31) (54.90,49.14) (75.32,48.39) (90.85,47.31) (47.34,109.20) (80.96,92.36) 
8 20c826f0141036c313b1540c5dcd023d 4 0 6 (34.95,45.46) (51.91,45.77) (73.61,48.61) (88.61,51.61) (49.13,86.31) (83.35,87.02) 
10 4f9bad1b2c28831c8fa52dc754c1505d 22 0 -7 (26.45,42.91) (42.45,42.64) (63.13,39.85) (75.04,36.54) (43.21,79.69) (67.85,75.18) 
6 ed7885b910d363a34110ca0e6bd164c3 -23 0 -2 (47.63,54.91) (62.09,55.16) (83.34,54.76) (101.35,52.34) (60.30,106.14) (93.52,104.34) 
8 3317faf7eade682251c4e39d2e0dc84c 0 0 11 (52.46,50.70) (70.68,53.10) (90.53,58.03) (110.25,61.99) (54.55,101.70) (88.50,108.04) 
10 06cb4c13bba2720d6ed36d25868866e5 22 0 0 (33.77,45.92) (51.27,46.34) (70.57,46.23) (85.84,45.46) (44.39,91.62) (74.86,90.90) 
6 24351643c5781cb3bf136a9346463cae -22 0 -3 (43.33,47.17) (55.92,47.20) (75.70,46.45) (94.05,44.20) (48.50,91.30) (77.16,89.70) 
4 2d7a6ccd167ffcce9737b338e2a4e19f 12 -8 -17 (6.70,14.78) (11.50,13.98) (18.13,11.11) (22.57,10.99) (13.78,22.92) (20.87,22.88) 
0 26dd56aec6959f7f4566582054ff1b17 -41 0 -4 (37.92,45.58) (48.06,43.25) (65.09,43.14) (83.33,43.15) (40.84,81.94) (71.34,83.01) 
0 0a3b181b44c3bbe7b3343a9b37e169b5 -37 0 12 (42.71,41.75) (57.06,46.79) (77.20,52.38) (97.97,53.64) (46.48,94.62) (79.41,100.31) 
8 27ba8f0fe1ade1cc8b5a529fdefe75c1 -1 0 -1 (39.70,54.68) (60.61,58.00) (87.18,56.54) (106.82,53.74) (54.37,101.91) (96.52,102.86) 
9 2e18c9e493d4d52928ccfd8a9b45cdf5 9 0 2 (38.07,44.92) (56.65,49.91) (72.37,49.46) (90.32,47.82) (47.03,85.80) (77.51,87.48) 
8 f399a03a6646924cc743d2829496109e 0 1 -7 (42.88,60.52) (61.34,59.81) (83.32,57.29) (101.83,52.68) (62.34,106.41) (94.32,103.64) 
8 3a96aedf4fbddde1fc5713d707f15064 3 0 0 (32.23,42.11) (49.59,45.28) (71.31,45.50) (88.34,42.73) (40.41,81.29) (78.23,81.32) 
8 65766c239a7eee1de4ca25568af1e9c9 0 0 10 (37.38,40.96) (55.44,46.77) (79.96,50.28) (97.52,52.65) (43.34,83.79) (76.77,88.18) 
10 4781c1bd9257d8dbb4ceca718a59c19f 22 0 -3 (31.42,43.31) (51.64,43.80) (71.08,43.13) (86.15,39.33) (39.33,77.84) (77.69,73.71) 
8 0bf9459bc0ed920f78284a2610799d2f 0 0 1 (32.06,45.10) (49.94,45.03) (71.15,46.26) (88.90,45.71) (42.57,83.89) (77.97,82.43) 
8 bec719ab1eec25ab8f482f87da6cc451 0 0 -9 (32.68,52.17) (51.31,48.14) (75.13,45.14) (92.81,41.33) (51.69,90.17) (89.59,85.83) 
10 de14dc0dbfd11cab4f3e7383dcc2eb22 19 0 5 (40.80,53.51) (60.65,52.30) (79.34,54.78) (97.12,57.95) (52.82,95.04) (84.06,96.60) 
8 84f8a9b71bd7ee8b230cb548a984ac75 0 0 6 (35.28,44.89) (53.07,44.23) (77.42,51.24) (98.29,49.15) (50.99,90.75) (81.64,91.90) 
8 23a0473f63bbfa57c8361e9be5af0c1a 0 0 -1 (33.32,48.37) (50.67,47.66) (74.12,48.19) (93.83,45.87) (41.60,81.85) (83.39,79.87) 
0 74b56fcee1537b19c8494da8ad1405e9 -26 0 -10 (36.78,52.40) (50.66,50.45) (70.50,47.07) (90.14,43.42) (53.86,96.26) (86.97,92.25) 
8 ea138c918e5e9505557cf0063c24bff3 0 0 5 (37.02,44.56) (53.83,46.80) (73.90,48.62) (91.25,49.22) (46.14,88.31) (74.69,91.02) 
8 95f52bf98eb78f596b23e38bcab0ccce 0 0 -2 (37.68,50.66) (56.19,52.12) (79.88,50.65) (97.70,48.87) (50.08,87.00) (87.23,88.26) 
7 92c140c5d9e75a4608a85a55335c0c86 -13 0 -2 (38.78,55.04) (56.14,54.75) (80.07,53.31) (99.63,53.40) (51.53,99.07) (89.81,97.75) 
0 3c01c4ee488b4785bf32d0e21d176265 32 0 7 (30.55,39.06) (47.41,38.44) (64.03,40.89) (76.37,44.92) (34.82,78.88) (62.45,76.84) 
9 3cd81c9809ce1b273b471858bf25e4ab 8 0 -13 (14.27,23.44) (21.38,22.54) (31.83,19.61) (38.61,18.21) (21.02,36.83) (37.09,31.41) 
8 2e55e2f28fa1639518352266cb316f39 0 0 5 (36.61,48.02) (53.87,48.06) (76.75,51.87) (92.87,51.70) (46.16,89.62) (79.53,93.57) 
6 ef6760915c092cc8d6330a0188b68622 -22 0 4 (35.42,41.77) (53.86,44.14) (75.09,45.20) (94.93,46.75) (43.87,91.08) (81.92,92.90) 
6 f461a617292bab8521871e6f4df50d88 -22 0 0 (34.64,42.50) (48.68,44.59) (67.40,43.97) (83.59,43.44) (43.79,84.13) (76.19,83.88) 
10 198d820b2765c1d2a407749aea9817f6 22 0 4 (32.79,44.44) (52.06,44.29) (77.50,46.24) (92.85,48.62) (46.66,90.92) (80.53,92.25) 
6 19092a8238e604055a5b0739f1502a51 -23 0 -13 (34.39,55.02) (49.88,52.11) (71.30,46.91) (91.88,40.63) (50.18,91.77) (85.69,80.59) 
8 d60a684bd790d61f198ed61f67211b44 1 0 2 (26.32,35.97) (42.33,38.91) (64.41,38.51) (79.13,39.57) (33.38,70.63) (69.42,75.69) 
10 1bf790d36f1d54a752fe210c2bb88807 22 0 4 (35.62,42.74) (57.22,48.98) (77.79,49.50) (97.35,49.28) (41.50,84.27) (77.60,88.03) 
10 5eba60b7af72042bd3cb636bc0ce1019 24 0 -6 (44.48,51.08) (63.62,51.48) (85.44,47.86) (97.94,46.11) (63.38,95.10) (93.80,92.79) 
8 cafa55c83b8ff2aef317c7acc55d1775 -3 0 -7 (40.94,56.21) (57.32,54.73) (79.79,51.70) (98.12,48.30) (52.35,92.91) (92.77,86.63) 
8 c9d04226b393a9afe1cdc6834e7cf5c6 0 0 5 (38.02,46.92) (57.77,48.75) (77.45,51.20) (94.53,51.49) (47.65,91.33) (81.25,92.58) 
8 5d4de1ff04c603217580a86d444f7e99 0 0 -13 (29.45,49.52) (45.39,46.94) (62.31,42.22) (76.75,38.53) (49.36,83.72) (74.85,77.33) 
8 5f153eb2187e47c9f09cd38e4183fa45 0 0 -8 (39.27,54.40) (56.54,53.41) (79.08,49.42) (96.69,46.13) (55.20,95.33) (88.80,90.69) 
8 8d626cacaabb2ef2408e99d360fd81a2 0 0 -3 (41.61,54.39) (58.95,53.05) (81.66,51.56) (97.18,50.49) (52.92,98.92) (88.17,98.35) 
8 13d2bb07762d4ded2d9d683af38ed19b 0 -2 -3 (47.47,59.02) (64.35,57.35) (89.02,58.43) (110.45,53.83) (57.65,99.15) (102.65,96.87) 
0 6ecf54ab64ed670e054368754b49f3c2 -14 -16 -5 (40.62,50.37) (55.31,50.69) (76.88,49.11) (95.82,44.46) (51.77,87.20) (90.07,84.73) 
10 d7016ca54ae12141fc4a13e7df39de20 18 -1 5 (41.53,48.46) (60.37,47.19) (81.46,51.68) (96.39,51.32) (50.25,92.98) (82.52,94.21) 
10 578c424d3d953efd3c2c764ef46309c4 16 1 2 (39.69,53.85) (59.94,54.45) (83.88,55.15) (101.46,55.92) (49.71,95.02) (90.49,96.71) 
8 f47fc08f983420b4d2c6268037805d05 0 -2 -13 (11.50,18.22) (17.43,17.71) (24.41,14.89) (30.80,14.76) (18.72,29.41) (28.61,27.67) 
9 a8583940c3e6511b988fed29d48e0105 5 0 -8 (37.21,57.42) (57.73,55.10) (78.74,51.87) (97.93,48.05) (57.14,106.17) (97.06,99.52) 
8 2837eb8e58b5e4b14bfd78e49d99b5cf 0 0 -11 (37.48,60.51) (56.95,58.76) (80.47,53.44) (100.74,48.88) (62.99,111.23) (99.94,101.58) 
8 64ee83cae41bae16e79ebbc17f179f02 0 0 5 (38.60,47.52) (58.21,50.34) (83.83,52.84) (102.91,53.07) (48.07,100.54) (88.87,103.53) 
10 e46a5084fc3ff8a1cfbe4f6812118863 19 0 -3 (35.81,52.22) (54.67,53.48) (71.73,51.35) (87.12,49.65) (51.96,100.69) (85.20,95.80) 
8 d73d9fd007daba98eebf92ee5c52aa81 0 0 -4 (35.54,54.97) (57.14,54.62) (81.18,52.22) (101.89,50.19) (57.04,105.72) (94.22,97.06) 
10 380eec2b4afa754a56b4c4c87f343127 22 0 -3 (33.47,50.97) (51.33,50.14) (76.28,48.91) (93.65,47.24) (50.77,97.03) (83.83,89.99) 
10 199be30dc7486ce95511101a869cb654 17 0 -6 (40.93,65.68) (61.85,61.72) (84.48,60.85) (104.29,56.47) (58.63,111.13) (101.07,100.82) 
8 c64c670b0d6dd2d5ecda9be795a75791 -1 0 -3 (35.43,55.15) (55.54,56.68) (82.76,54.15) (102.33,51.86) (47.83,102.33) (96.65,96.41) 
8 dd249c0cd98768ebe76240bcb70a97e3 0 0 -3 (34.99,52.39) (54.67,51.41) (78.17,49.15) (97.49,48.65) (52.04,94.02) (80.67,91.80) 
8 707d2b2fd93be447244a5666891685ed 0 0 -1 (34.61,49.36) (52.33,47.81) (76.71,48.16) (93.99,46.84) (49.75,87.06) (80.38,85.08) 
8 0de18470cb6d381d4b26f62ea7fe13a5 0 0 8 (34.49,39.92) (54.55,43.27) (78.78,46.87) (98.31,49.03) (40.28,86.64) (80.13,92.18) 
8 97eff40c0307887408ac6d294bafd1d2 0 0 -2 (30.96,48.15) (52.56,50.77) (74.37,49.30) (93.25,46.22) (41.36,84.81) (86.04,82.64) 
8 9145cf42f4f49d96608f551b15d229a6 0 0 5 (44.14,51.33) (63.08,54.09) (84.92,56.10) (104.34,57.45) (47.92,99.30) (83.98,103.48) 
7 57f90849c008353dbf786fc4e1992f94 -11 0 -14 (32.70,58.75) (51.55,54.55) (71.03,48.05) (89.41,44.53) (49.29,91.86) (87.64,84.46) 
6 a13cf86a8a28d030d3ae285cedc60ba0 -22 0 -3 (33.28,46.14) (52.46,47.97) (77.28,47.71) (97.45,41.92) (51.30,86.90) (89.22,87.30) 
8 26bef4c0e788c031acb01412653d284f -2 0 2 (34.98,40.64) (54.28,45.74) (76.72,45.33) (95.23,45.19) (39.93,78.05) (82.44,80.19) 
8 cc3bf5a47bcca4de22f852c942eb85c1 0 0 -7 (36.79,58.58) (57.50,57.89) (82.28,54.08) (104.10,50.07) (55.33,104.66) (93.72,102.21) 
8 a57cbc813bb8a471be035627b0810d2a 0 0 -1 (37.99,53.16) (58.18,53.83) (82.31,53.00) (102.11,50.38) (53.09,100.66) (88.61,101.02) 
8 259bb2910b0e203e0eb8c3c86c6a5be8 2 0 -9 (22.95,48.59) (42.52,46.26) (63.79,41.95) (80.45,39.78) (40.06,81.19) (77.62,74.90) 
5 41682e649ffb44e91fa1fdf971d8cd2f 22 -10 -12 (33.97,54.33) (54.02,53.06) (76.99,47.79) (94.82,40.55) (52.32,90.95) (84.37,86.67) 
10 534316b8f3bf9b18fb2da2d6f1548741 22 0 -3 (33.82,51.06) (55.60,51.12) (82.02,50.80) (99.41,46.13) (46.86,97.35) (82.58,97.85) 
7 7cb7310caf970600c19e6cd68200e6c9 -14 0 -12 (35.85,52.93) (52.96,51.21) (76.27,46.47) (93.31,39.94) (50.48,92.72) (94.30,84.81) 
0 38afe5b91df0d7c589411ff6d7ad16f0 -30 0 -13 (40.03,64.26) (54.80,59.94) (76.47,54.75) (96.68,51.20) (54.37,102.17) (95.42,94.58) 
6 b3900e601cd2fe385906829a463e0a74 -21 0 2 (38.30,49.08) (56.66,50.29) (82.31,54.46) (104.86,49.82) (51.58,97.90) (80.52,101.96) 
8 4210567617d9c7d0f69602feb7d75646 0 0 -6 (33.73,51.04) (51.80,50.40) (74.78,47.27) (92.03,44.40) (42.45,84.85) (87.69,79.92) 
6 a34a4498c55e2d334b2875664cb44c0c -23 0 -6 (42.98,59.78) (59.82,59.63) (85.66,55.70) (107.85,53.52) (54.14,103.00) (95.84,99.17) 
6 bae61968bf184c6072815ef93c41886f -22 0 -5 (39.32,53.56) (55.54,53.07) (79.19,50.47) (99.24,47.45) (53.39,96.70) (86.75,95.72) 
10 c093e2eba87b75450c6f9e2aafc7a84e 20 3 -5 (39.11,56.63) (61.10,56.26) (84.95,52.99) (104.78,50.65) (61.28,106.89) (99.74,102.81) 
8 1fc54964b0f92f8c9222287dfd7821ea -4 0 0 (43.89,51.09) (64.49,53.04) (88.02,52.32) (108.80,52.01) (53.84,102.67) (90.76,103.25) 
6 535ca798f96d32425c9552cb5ffa4446 -22 0 -6 (37.56,53.75) (53.54,52.98) (73.76,51.27) (91.67,46.79) (55.17,99.26) (84.94,95.78) 
8 d17c966ce333c1eb1744ccfd31c105ed 0 0 -4 (33.05,48.30) (54.12,50.86) (81.14,47.23) (101.15,43.38) (50.64,93.55) (88.63,94.17) 
6 750c346aa2cc55639aad001e444d0855 -15 0 0 (33.27,47.51) (51.79,49.39) (76.46,50.42) (98.21,47.95) (43.46,85.41) (89.36,88.29) 
0 e1fc7f589a4c7e6dc44a098e01403ad5 0 -17 0 (34.22,50.45) (58.43,49.87) (92.42,51.50) (115.46,50.50) (55.39,104.79) (98.04,103.89) 
10 7c104fa33d9cb2fb04b2fb4db0f48ccd 19 0 -15 (26.59,53.40) (47.81,50.98) (71.67,43.21) (89.97,36.51) (51.28,92.29) (88.79,83.98) 
6 bd1f3c66319a4de3d378d63e0e49cb3b -19 0 0 (36.13,49.59) (53.53,50.47) (78.84,49.22) (98.24,50.58) (44.76,92.53) (83.30,95.40) 
8 53614ae662cfa56b7136db6b31c28f17 0 0 0 (37.82,48.69) (57.31,51.07) (81.78,51.45) (102.33,49.74) (49.83,92.60) (89.97,93.53) 
0 ec6df9aaed9636b724913c50e52f84b4 -27 0 0 (38.09,48.36) (56.93,51.00) (78.77,51.00) (100.00,47.55) (46.53,90.80) (91.12,89.33) 
8 2b8534be55e950ad19f05f1c645235fd 0 0 3 (33.92,43.97) (52.38,47.39) (73.76,47.71) (92.36,47.84) (45.87,88.94) (77.13,89.56) 
8 43bd0e175e8329866c14bd452afbae3f 0 0 0 (36.88,46.89) (56.81,47.71) (77.91,48.72) (97.83,47.78) (49.70,93.00) (82.56,93.31) 
6 c6f18d710c3efcbed30e33a248f606ac -22 0 -13 (39.02,60.07) (54.93,56.17) (73.72,51.28) (94.79,47.50) (58.96,104.38) (91.26,99.59) 
8 748281675744d9361266ae3d79edd9fe 0 0 8 (37.37,42.40) (57.77,46.75) (79.96,48.93) (98.66,52.04) (41.91,92.42) (76.41,98.59) 
13 dab5d3f7489168dcd861bdf190f8f979 0 10 -10 (32.14,57.33) (50.37,52.31) (74.61,46.81) (92.36,46.94) (49.90,90.32) (90.87,84.47) 
10 890cec97d7f089fd5abd0b2934461e46 22 0 -10 (36.25,55.42) (55.05,52.52) (78.08,46.95) (90.77,46.45) (51.19,91.75) (85.24,84.20) 
8 c5ce864599cbc530f4f3486c1045d7e4 0 0 1 (35.56,52.56) (55.01,51.58) (82.72,52.30) (102.74,53.49) (44.03,90.64) (89.20,91.30) 
8 489812763f15b9b91602e1a341a11afc 0 0 -4 (39.87,53.92) (59.68,52.75) (84.83,51.02) (104.76,48.51) (55.93,98.91) (94.51,96.28) 
0 279daf712119cdc78d7d5436473acfe3 -4 -18 7 (5.70,12.27) (15.77,12.82) (29.90,15.00) (39.01,16.33) (13.95,32.90) (27.03,33.69) 
8 3de330b2ca8e6e7b72f7e9d3441b830a 0 0 -5 (35.06,47.61) (50.62,47.81) (73.79,45.53) (89.56,43.14) (46.12,85.36) (83.48,82.39) 
10 a54c2af3e617385b3d41724d101a50e4 19 0 -10 (40.22,59.97) (59.35,55.83) (80.78,52.34) (99.53,50.02) (64.99,102.06) (99.32,95.01) 
8 c13a87dda0887ab5eb11d294592bb749 0 0 2 (39.37,51.56) (58.32,49.82) (80.89,52.17) (100.25,53.16) (51.52,99.94) (84.53,101.44) 
6 21df63cedee01c2a2e4cd7f475f74dde -21 0 -10 (34.95,55.65) (50.16,51.36) (72.01,47.72) (91.10,43.83) (57.24,98.15) (81.92,96.08) 
8 2cf1f6d8d91638934b61a5d43c520752 0 0 -13 (35.09,55.50) (51.49,50.50) (72.85,45.92) (89.90,41.42) (56.45,94.72) (87.61,88.26) 
8 b949da2ce27383b40d3b43c6b347ff29 0 0 -3 (35.28,49.47) (53.74,50.16) (74.53,48.50) (92.79,46.40) (52.39,93.94) (81.38,96.01) 
10 098d9e08bea5495f41fd5a5b609d7867 19 0 0 (34.70,46.38) (53.44,46.01) (72.75,46.23) (88.09,45.63) (48.21,89.99) (77.60,91.34) 
8 7cb081888f845627a4c5759b25ec46b3 0 0 -5 (32.72,49.39) (50.18,48.91) (71.20,47.31) (91.06,43.64) (47.79,84.11) (86.22,81.28) 
10 46f25131885e454e934bae1e0d06839b 21 0 -2 (26.26,42.57) (45.88,42.55) (64.94,41.89) (79.41,39.31) (39.90,88.24) (69.50,88.22) 
7 f3eccf59dcb2d2f2ed01830b44b07628 -9 0 -10 (40.37,57.14) (56.51,55.36) (72.44,52.45) (93.10,47.50) (62.09,95.49) (90.54,91.68) 
6 d0aeaa1869cfd67997992140268903d9 -22 0 10 (45.48,44.64) (59.13,48.41) (78.45,50.29) (95.55,54.90) (46.98,87.73) (74.78,97.27) 
8 bcbda5060d0f49415a439ad2f7de5fbb 0 0 -2 (34.50,49.59) (53.52,52.17) (75.19,50.87) (94.66,46.71) (51.73,90.61) (83.35,91.55) 
8 248204b92a93ecb409ca34f62a893b09 0 0 1 (34.76,43.89) (51.88,45.05) (71.54,46.29) (87.77,44.76) (46.70,85.94) (75.39,88.49) 
7 a36218976c89baa7cfa6d7c71891745a -11 0 8 (35.75,37.56) (48.30,38.45) (67.03,42.18) (81.34,44.03) (39.06,73.94) (65.53,79.71) 
10 57fab46b79d7f51e7090bab66da13c38 22 0 0 (32.27,51.21) (53.82,51.75) (76.45,51.85) (90.75,50.39) (45.51,100.56) (82.53,102.25) 
10 b9028e166cce7d97683267f4832e7559 23 0 4 (34.26,46.09) (55.75,48.80) (73.69,49.81) (89.97,49.03) (43.39,94.42) (79.16,98.74) 
8 d154ac8e9fb1c6443bbf6d561fcdb5b9 -1 0 -1 (32.50,45.28) (49.89,45.57) (70.73,45.61) (89.16,43.74) (47.88,96.43) (79.41,95.99) 
8 57fbcab8166f01acc9b5bd7f6581822e 1 0 0 (36.66,45.02) (53.09,45.60) (73.47,46.37) (89.09,45.29) (43.43,86.94) (75.94,91.67) 
8 90e0f27924f3716216034533dc544cf0 0 0 -2 (37.02,47.10) (53.60,45.69) (74.08,45.06) (91.03,44.71) (52.00,90.95) (79.38,90.87) 
10 47b5c77a4df739e2872b9ad750cdbaf7 22 0 -4 (10.16,26.37) (21.18,24.85) (35.00,23.80) (42.97,22.93) (25.54,43.11) (39.12,41.95) 
8 b7859cb92d251393c00d5d776664cfe1 0 0 12 (37.15,37.01) (51.78,40.76) (74.91,46.23) (90.32,48.55) (39.57,83.07) (67.34,90.81) 
6 f4e78731f3d4a557d2f2ab0da4bacb2c -19 0 -11 (36.84,54.66) (54.34,51.16) (72.39,46.27) (93.29,43.54) (55.76,95.49) (91.62,88.36) 
8 bacd51dc1a7644b533aa7e38785c7369 0 0 0 (36.66,49.65) (56.37,51.41) (80.74,51.49) (97.18,48.54) (52.57,95.40) (85.51,96.77) 
8 90bc86ee457a2570c8c136a7aa6f9321 0 0 -2 (32.92,48.16) (49.62,47.25) (72.05,46.83) (89.34,45.75) (43.24,85.46) (86.04,84.24) 
8 a521952fa76b2e3f7f36b48c2a52537a 0 0 -7 (34.36,50.05) (51.76,49.43) (73.48,45.88) (90.74,43.05) (53.66,92.70) (85.25,89.10) 
10 45b874f3e48a5e30016fe8f3ddd714a0 22 0 3 (32.77,42.05) (50.60,43.84) (71.79,44.47) (85.64,44.94) (39.88,77.56) (75.57,81.42) 
8 4f6431fa5f858e274d4c7c2eefe08076 0 0 0 (36.00,46.40) (51.69,46.19) (72.21,46.74) (86.50,46.26) (47.26,87.36) (76.58,86.65) 
6 500985f469af33faeb98730bdf7a9ce8 -22 0 4 (40.86,47.31) (58.18,51.30) (81.82,54.04) (104.25,51.72) (52.59,98.13) (87.04,103.70) 
8 bce876732dbadc90a7b564d1314c54f0 0 0 -4 (34.28,45.36) (53.03,44.89) (73.74,42.76) (91.41,40.98) (48.28,87.23) (83.51,88.16) 
8 6a4b1a589b815b21b067c32e1ea96bcf 0 0 -7 (37.24,54.65) (53.35,50.62) (74.32,49.47) (91.34,45.39) (54.90,93.78) (86.24,91.33) 
8 4f5b597f0f0d4b15181442ec9f095f5d 0 0 -1 (29.91,43.10) (46.57,43.12) (68.29,42.36) (84.82,42.26) (47.63,90.50) (72.66,90.11) 
10 984bcc1668662daf88283cc918385f78 19 0 -2 (31.60,45.11) (49.08,44.68) (70.87,43.66) (86.19,42.36) (48.97,90.45) (79.13,89.06) 
8 78640ee69ca167f43c719bcd871d06e2 0 0 -5 (34.08,50.62) (50.36,47.94) (71.38,47.80) (87.56,44.40) (52.27,90.82) (84.88,88.27) 
8 3bc25d0fa4e22eb21477ba66b79ab70d 0 0 -5 (35.05,50.54) (49.79,47.93) (69.46,47.14) (88.05,45.32) (51.61,91.48) (86.26,87.94) 
6 e7d5d55d46bbb7763d51440f5b8d7bf9 -22 0 3 (32.03,40.04) (45.50,40.45) (64.64,41.97) (82.86,43.15) (41.66,79.23) (73.42,83.01) 
6 f6d7ee32e8c307512a0814159e99026c -17 0 -2 (33.89,43.71) (47.69,43.69) (65.56,43.18) (81.69,41.00) (47.20,79.82) (76.13,79.51) 
8 c5d742282703696ed82d6386cbe54c02 0 0 0 (37.53,46.09) (53.15,45.65) (72.98,46.11) (90.97,46.80) (50.64,90.92) (83.56,91.23) 
10 264995415e4720b9d9aa16bd16550b1e 18 0 -2 (28.54,43.41) (46.27,43.77) (66.57,41.88) (81.80,42.56) (41.14,83.04) (75.79,84.24) 
0 0028a7a937941359ceb30a1a3ca3a2b1 -27 0 -8 (33.70,44.35) (46.30,46.06) (66.59,40.77) (84.53,38.59) (47.33,84.20) (77.14,82.36) 
9 88b728cd50174ecb879d63c54b5d61f7 7 0 1 (12.97,17.71) (20.17,17.27) (29.32,17.42) (35.42,18.19) (18.41,36.06) (30.87,36.11) 
10 8ef0adc5830400ab423069d63aa60de7 20 0 10 (38.67,43.31) (56.20,46.09) (80.30,50.28) (97.16,54.39) (37.49,87.18) (81.90,95.94) 
10 2bb9cec2ed3c76c7ea06493338b0319f 17 0 -5 (31.37,46.82) (48.46,45.90) (69.36,43.46) (85.99,42.50) (46.98,86.52) (77.85,84.34) 
8 26a54f67de0d0434d7d2047dad058426 0 0 -2 (36.22,54.01) (56.86,54.52) (81.51,53.41) (102.42,50.79) (47.81,94.37) (94.98,93.06) 
8 b3241ae8c528afb6f9aba43b9be25a02 0 0 -5 (6.69,12.89) (12.94,12.19) (19.71,11.49) (25.98,10.65) (11.74,27.34) (20.49,25.27) 
10 29e028902d2da171243f680419442017 22 0 0 (30.98,45.37) (51.48,47.76) (71.30,47.14) (89.57,44.70) (37.04,89.22) (80.85,89.01) 
6 018becea0d41d0917763ff69b46ea9cb -19 0 10 (41.90,44.65) (60.32,49.21) (82.97,54.75) (103.41,55.01) (43.04,84.84) (88.00,94.91) 
8 fab478861613e5657c5efc4c2d200aa9 0 0 1 (37.36,49.39) (57.05,50.06) (79.65,51.49) (98.70,50.06) (42.78,89.76) (89.90,89.09) 
8 fce23f81d4ca2215ced43f75cf0b7d31 -1 0 1 (38.16,48.54) (55.28,46.57) (74.89,49.50) (95.31,48.71) (47.98,92.19) (83.58,92.07) 
10 1a9ed99c3fba3d89790e3a561156d05b 22 0 8 (26.08,33.93) (46.68,37.73) (66.80,41.87) (83.34,42.62) (35.86,85.29) (59.81,86.04) 
0 cc46dc3ae074958ed0d185e4dcb95215 43 1 -7 (28.88,50.12) (47.21,48.59) (63.34,43.61) (73.89,45.30) (46.96,90.82) (71.97,87.16) 
10 814e6cc650ae18d15980bf676854ec8c 22 0 12 (40.02,39.54) (57.82,43.69) (76.13,48.80) (92.35,49.82) (41.18,80.51) (73.33,89.69) 
9 4d024ca159019fa33ebf84bcae28278c 7 0 -8 (31.56,49.95) (48.55,49.43) (69.38,45.93) (85.68,42.41) (52.00,85.93) (79.33,85.34) 
10 9d3f3b22236e9dd32d9b2c8a54432e78 17 0 -7 (34.81,56.16) (55.48,55.47) (82.71,51.36) (101.09,47.33) (48.28,95.53) (94.32,89.43) 
10 6834ec194e80da8e2e2ef8fe6b090db4 22 0 2 (37.28,51.83) (60.69,56.35) (87.32,55.96) (108.72,57.62) (50.22,106.39) (95.38,109.45) 
8 84ece4b001cfc1226a7a1164056cefd7 0 0 -5 (24.24,35.37) (41.63,37.67) (61.91,35.14) (77.78,30.69) (38.37,75.73) (67.44,71.34) 
0 61ab1f6229e5a2c2dbac425b2f3bbdef -33 0 1 (39.57,48.92) (53.56,49.83) (77.43,50.70) (99.58,51.59) (50.32,99.18) (78.36,100.13) 
0 8e9a4cc879696849def938e18bf6bf0c -28 0 -5 (40.14,53.66) (54.16,51.50) (74.94,49.66) (96.76,49.24) (53.04,98.14) (94.52,97.25) 
8 e74c4a923c231b74882b69bedb0fd629 -4 0 6 (36.74,42.38) (55.65,44.90) (75.06,47.69) (95.44,48.41) (43.70,87.57) (81.28,90.08) 
7 da41f91c218db63fea34e89ee185e673 -9 0 9 (34.95,41.72) (54.56,45.34) (76.44,48.82) (96.47,52.66) (40.09,83.03) (76.96,89.85) 
8 2d44cc215e2b4c4c62e004ec464ec22c 0 0 0 (35.92,49.18) (57.31,51.62) (81.53,51.66) (101.84,50.22) (46.08,89.88) (89.33,90.55) 
10 ab59eed75bbf3c5e217cdabbb100635f 23 0 0 (37.01,48.78) (59.54,50.70) (81.65,49.68) (98.75,48.54) (47.49,92.50) (88.28,93.58) 
8 deb0f45b03202c69266007446b162254 0 0 10 (37.31,42.15) (55.77,46.39) (77.84,50.39) (98.47,53.74) (39.76,85.44) (77.84,92.45) 
8 a97b58c4cf1fd06d3654c709c317178d 0 0 -4 (34.58,51.69) (53.01,52.42) (78.68,50.18) (99.45,47.19) (50.06,92.38) (91.54,88.83) 
6 cdfeba344d0514c2809a7d98ac31c9c4 -22 0 15 (38.50,39.32) (54.91,43.74) (75.39,50.28) (94.76,55.50) (36.37,78.83) (70.50,88.44) 
8 5cf25e73b194251067772e22918b8089 0 0 10 (36.67,43.59) (56.91,48.79) (78.94,53.58) (100.30,55.65) (38.78,86.08) (82.72,93.76) 
7 2ab94a3eb8e8e1a4d65094b3b47a9e29 -8 0 1 (33.14,45.00) (51.26,46.47) (71.15,47.65) (90.29,45.78) (43.03,86.64) (75.41,88.98) 
8 1e14e7acf6918b52283570f014e0488a 3 0 -2 (34.09,52.08) (54.85,51.76) (74.24,48.75) (92.36,51.00) (48.10,96.51) (83.92,97.16) 
10 6f73d781b672032b7048193bc67e81b5 21 0 4 (35.05,44.86) (54.25,49.96) (73.46,50.71) (90.85,49.47) (45.49,88.94) (77.48,92.23) 
7 0cc53955977ada93b9233f8cc5d975fa -8 0 -12 (40.26,60.71) (59.16,58.25) (77.84,53.13) (97.23,48.56) (57.88,106.08) (93.85,97.48) 
8 dac6545b86879aef396d267514b9b9a5 -1 0 3 (37.25,45.67) (53.98,47.56) (75.33,50.50) (95.01,49.23) (47.72,94.39) (78.84,96.04) 
7 ed0daaf6a291e46773e84e28b5e9a3df -14 0 4 (37.42,43.03) (53.40,46.27) (73.38,49.94) (92.51,47.19) (45.30,88.52) (79.75,90.41) 
8 3341cffb3773e4002f8557a8a0173fb7 -2 0 2 (36.36,41.31) (52.89,45.57) (72.61,46.44) (89.77,44.05) (44.81,84.18) (78.49,84.45) 
8 657dcd7151e06d23ca8af412577598e3 0 0 -7 (33.99,48.51) (51.12,48.38) (68.68,45.31) (88.42,42.47) (46.73,92.41) (82.60,86.88) 
7 bd03db3cd7f13a70e563225efbcf6265 -8 0 -3 (39.62,52.54) (56.01,51.88) (79.09,50.42) (96.61,48.68) (50.87,98.40) (83.36,96.19) 
8 87242deda2f916d55516c3dca0b44e53 0 0 3 (45.18,49.02) (64.37,52.63) (87.57,52.30) (109.06,53.42) (48.81,96.36) (94.04,100.97) 
0 3950f41751b51f947ad9209b11a7b78a 44 0 0 (43.66,54.12) (63.71,58.65) (82.11,57.88) (97.65,54.36) (53.95,102.99) (85.07,103.84) 
8 013870eeef0054aa9039cd2ba5ac1780 0 0 -3 (37.01,49.03) (56.02,52.08) (78.66,49.84) (97.86,47.16) (46.31,88.02) (90.16,85.54) 
8 54d6ab4ede5cc9a05c4570857d3fee75 2 0 -17 (28.44,53.07) (43.44,50.57) (62.26,42.19) (77.94,38.72) (49.57,88.38) (79.78,79.00) 
0 fb70265831fe5913cef14b95b4c1cbca 0 29 1 (34.68,49.33) (52.70,48.62) (73.48,48.29) (92.87,51.84) (41.92,89.96) (75.01,91.82) 
8 f456e6b9e897935f31c7936a09d739c4 0 0 -15 (31.69,50.76) (45.08,47.32) (61.52,42.55) (77.47,38.21) (46.51,83.34) (77.41,75.43) 
8 0170e7fc813f28fede3df6228c1e5179 0 0 9 (41.55,42.68) (58.56,47.83) (79.50,51.90) (97.12,52.46) (45.85,87.96) (77.36,94.44) 
8 e9685667f22c4f3317739c771a45a228 0 0 -17 (29.17,55.58) (45.80,52.07) (63.65,45.11) (80.40,40.20) (51.04,91.21) (82.52,80.82) 
6 b27c31969d19fa8963c2e4f60855ebdc -21 0 -8 (33.92,48.89) (47.70,45.42) (66.86,42.76) (83.99,41.61) (42.22,82.72) (72.65,79.94) 
10 636cab184ae6f9aae64ece05a907270e 22 0 -3 (30.95,47.27) (50.00,46.78) (67.45,46.58) (85.62,44.38) (45.12,92.09) (77.26,88.58) 
8 a3a35b47a9cbc99d3d7641a28fc251a4 0 0 4 (42.13,47.21) (59.13,50.43) (78.78,52.20) (96.17,51.83) (48.47,93.16) (82.36,95.43) 
8 7978bb332bb38000743a78f4d984e285 0 0 0 (42.68,53.66) (64.39,60.22) (85.96,54.80) (104.37,56.74) (61.56,99.48) (95.16,100.17) 
6 0b7630ed4dc9ce7ff654c48075407ea8 -21 0 -8 (37.61,53.69) (55.28,53.62) (76.02,49.59) (97.32,45.97) (53.90,99.70) (89.81,94.08) 
10 3dc226442742f7672c7aecafbd950488 22 0 0 (38.85,50.99) (58.29,53.29) (83.68,51.96) (99.34,50.01) (51.30,99.01) (87.62,97.04) 
10 0c783293de82ea7d4082ffe34adbd7b3 22 0 -4 (33.15,46.67) (52.77,48.36) (74.34,44.83) (88.62,42.61) (49.88,90.31) (81.80,90.36) 
6 e39b1097ed1e2e33af13a397355c5e7c -18 0 -3 (32.04,43.20) (45.91,43.63) (66.78,41.84) (84.62,40.78) (43.00,88.48) (73.97,87.36) 
6 e0de9e6fc282dec70c9089f4c47e11de -22 0 1 (39.30,48.86) (57.01,51.98) (83.30,52.13) (106.28,51.21) (46.16,98.50) (82.77,98.53) 
8 82a807c3aaf8ee4bbdcd28ca97659e4a -1 0 7 (36.93,41.20) (51.69,41.80) (74.22,46.30) (89.82,47.08) (40.60,85.95) (73.63,91.05) 
6 f1f49be5444fe176278eb3f2938986eb -18 0 3 (46.01,49.14) (62.84,48.86) (84.07,51.12) (101.39,52.56) (49.50,97.09) (83.76,98.44) 
7 5c092957cfb672b13a0a3d7be7dee12f -14 0 -7 (41.22,55.20) (57.07,51.21) (79.34,48.60) (100.12,47.67) (53.63,100.47) (90.43,96.78) 
9 2d2c86fbdc365bac355ca2dab91350f9 11 0 10 (41.28,41.79) (58.87,47.00) (81.33,51.16) (99.60,52.57) (41.11,84.28) (83.50,94.04) 
9 7ff11d7dcd291506de44db2767ef1d77 5 0 -8 (29.36,49.85) (48.82,47.28) (69.52,44.27) (85.16,40.98) (45.96,84.98) (84.19,77.88) 
8 f885bba50b7829fe4973f50277d12d66 2 0 -13 (32.00,53.94) (50.54,51.15) (72.21,46.01) (89.06,40.09) (45.70,97.11) (86.62,88.47) 
10 9a72fb55a1d53f52a3d9c7bcb836ba0b 21 0 -17 (31.58,55.58) (49.70,54.02) (73.66,45.55) (88.11,38.35) (47.81,98.30) (94.40,83.00) 
8 d86f104b6cda09ebbd345718731f0185 0 0 -5 (35.18,50.67) (54.32,51.31) (81.43,47.35) (100.87,45.52) (46.85,89.59) (94.90,85.71) 
6 8217ea37f342214c57a3be0ce37b248f -22 0 -1 (33.30,48.11) (48.91,48.29) (73.74,47.65) (93.16,46.17) (41.40,83.67) (85.66,86.31) 
8 33417dc5066c9aae27a5a26fcc18a0d9 -1 0 -5 (30.79,50.35) (48.71,49.05) (75.53,47.44) (94.91,44.08) (43.97,87.44) (87.44,84.84) 
6 1549750753402c1af7acbd55ff1b1eb2 -22 0 -1 (35.34,49.25) (52.72,50.10) (73.94,50.37) (94.82,48.09) (47.59,88.53) (84.71,88.02) 
6 080366b92b4466fce17dcd025938f50d -22 0 -1 (37.63,51.70) (55.22,51.34) (78.87,52.04) (101.63,49.92) (49.90,92.02) (94.24,93.89) 
8 0813faf9591535e484b8f03dcfa31158 0 0 2 (34.31,42.22) (51.40,44.38) (74.46,46.46) (91.74,44.60) (43.91,80.04) (77.65,81.79) 
6 3f5a4042b2b6d4c5e90a4e18d2c697df -22 0 -1 (35.81,43.76) (51.37,44.39) (72.89,43.85) (92.35,41.88) (45.10,80.87) (85.25,80.58) 
6 eb8389ee266a076b8ec22007b75ee312 -21 0 -2 (33.70,46.58) (50.48,47.06) (75.55,45.89) (93.72,43.27) (43.28,86.53) (86.04,85.14) 
8 8bb647141c2cd4414005345898e45ab4 0 0 5 (40.69,47.67) (59.46,50.49) (82.98,54.73) (102.60,53.37) (50.02,90.47) (86.78,96.81) 
8 2ddc9a2ced53a20bb54d7a3f51b6cc6f 0 0 0 (36.27,48.48) (53.96,49.93) (77.57,50.57) (98.54,48.33) (50.31,86.81) (89.25,88.77) 
8 b92d22dbc43825688227b06addd62328 0 0 -1 (30.47,43.57) (48.96,43.15) (67.76,42.93) (86.33,41.92) (42.30,80.80) (75.00,80.57) 
8 c66958bb65f47f666e5c2c64ae55f5b2 0 0 0 (36.74,50.08) (56.10,51.62) (81.99,51.91) (101.10,50.98) (49.80,92.42) (85.62,94.25) 
13 54bd34fbcc842dce07e7dfdbdc063b2b 0 5 -2 (43.19,60.39) (63.30,60.60) (86.43,58.83) (106.47,57.63) (58.84,108.70) (92.15,108.74) 
8 885aa76333612056d752379011cc6eb3 0 0 -8 (33.91,50.34) (51.63,48.63) (72.70,44.98) (88.98,43.09) (50.81,90.96) (82.94,87.69) 
10 8984aa3386b3e0ef1997a0cb779a1a86 24 0 -8 (34.73,56.53) (58.86,56.34) (77.87,52.35) (95.44,47.83) (55.00,108.58) (87.48,105.37) 
8 9dd1165a76bce650b72566258db57829 0 0 -6 (31.50,53.79) (52.53,53.12) (73.94,50.00) (93.82,47.29) (51.56,99.14) (84.60,95.07) 
6 f6eae5481ffe381771b227cb7bdd822a -22 0 -3 (32.65,47.72) (48.85,49.29) (73.34,46.78) (94.45,45.37) (46.81,96.06) (83.21,93.26) 
6 6d3327ceed276284e377ef9044d3a8c8 -24 0 -2 (32.81,47.10) (50.59,47.61) (73.12,47.23) (94.36,45.24) (48.38,97.59) (85.00,97.76) 
0 e492121203a8e84a259017bbe61a2c54 -42 0 -1 (35.38,47.33) (51.63,47.57) (76.09,47.81) (97.19,45.56) (49.11,97.19) (81.93,96.30) 
8 a63b2a906c53deb53749fae93277ccb4 0 0 -4 (37.06,53.47) (55.68,53.13) (79.33,51.69) (99.53,48.62) (54.86,103.76) (87.00,101.69) 
0 aa75139c3ce51d5c7fe38df05cdd5112 -1 20 15 (42.34,46.26) (63.24,50.57) (84.89,57.33) (102.06,61.99) (43.62,85.35) (88.26,96.09) 
8 c108f8fd13cbdc6e5f4be2f90cb86bd9 -1 0 2 (36.19,52.48) (55.29,54.48) (83.10,56.56) (104.68,55.09) (47.12,91.76) (92.08,92.61) 
10 f7576940b3182b42a5920ea5fa0de717 22 0 1 (37.59,48.66) (59.19,49.06) (79.72,50.00) (97.25,49.49) (49.50,93.21) (84.29,94.94) 
8 d0365d9adc495b605b4921a494cb7e91 0 0 -10 (33.96,52.46) (51.70,52.78) (76.75,48.06) (91.87,42.21) (59.69,95.82) (85.83,89.36) 
10 f0ebc081e099e1c8ce51284eca198e62 15 0 3 (34.43,39.33) (50.19,42.48) (70.93,43.31) (85.32,42.35) (40.60,86.34) (71.22,86.13) 
8 0f295f4ffea178ebba614cc4744d0dba -1 -3 -6 (28.23,41.53) (45.47,44.17) (70.03,40.52) (87.58,34.60) (52.34,91.41) (75.33,88.94) 
10 819933fa17ef5ed76abb9e9da8a9c6b8 22 0 5 (36.97,48.57) (57.87,52.08) (78.39,54.82) (95.97,54.32) (44.82,99.75) (76.54,103.14) 
10 93ced58f49f759ca4db96e67d203a289 22 0 -9 (36.46,54.36) (57.89,51.88) (80.01,46.51) (94.76,44.40) (50.04,95.64) (91.59,88.82) 
8 91a1c108d6366e8dd7350979e1c90911 -3 0 0 (36.42,55.51) (55.75,57.41) (87.69,56.93) (108.25,56.11) (51.49,98.63) (101.77,99.07) 
0 3889a5020451716c678df87aad6fd752 31 0 4 (38.61,48.14) (60.19,50.06) (83.09,51.89) (97.64,52.37) (39.82,93.13) (87.98,95.98) 
8 52f80da8bc9d47f1a14df7a60f2477ac 0 0 -9 (30.87,53.73) (47.45,48.60) (70.86,43.97) (87.57,44.23) (51.95,97.99) (81.14,92.54) 
8 762aaf655f437cc4690216b949485b9f 0 0 -6 (32.24,48.52) (49.51,45.47) (75.24,44.42) (92.43,41.02) (46.38,85.06) (88.84,81.15) 
9 500243e34bbbd9aa71e4106abe75063a 8 0 2 (39.99,53.43) (61.18,52.27) (84.30,53.02) (102.97,56.91) (53.83,102.69) (89.89,104.96) 
0 0f28a931f4642b6ffc3fe0fdebbaa136 -26 0 -7 (39.40,55.15) (52.65,51.64) (73.21,48.78) (91.71,48.24) (53.06,99.53) (95.09,92.47) 
8 b42b1a6066475688b8731f39d622ab0e -1 0 0 (31.24,43.61) (46.95,42.81) (70.07,43.26) (89.01,43.56) (38.01,78.69) (80.66,78.59) 
8 10a197ff9fd4a16e2833806a49b5ad08 0 0 -3 (31.07,41.64) (47.58,42.31) (66.36,40.72) (82.97,39.16) (43.28,78.37) (72.83,76.90) 
15 9d1a424e48f4d6ddb9e46b9dffec36e3 22 14 0 (31.09,44.04) (48.59,45.93) (72.43,45.70) (88.70,44.50) (38.27,83.75) (83.21,84.77) 
0 28c9ddbc7542aec0fe8da06b5bcb4651 29 0 4 (23.49,31.37) (35.78,31.93) (48.40,32.86) (56.97,34.10) (30.21,60.46) (53.14,63.12) 
9 c5dee301a991b3272eabab814a10b2e2 5 0 -4 (27.13,41.16) (41.81,41.01) (61.70,39.14) (75.64,36.73) (38.67,78.25) (71.00,76.51) 
8 b1d4b409775b73d6114cc98c049b5731 1 0 6 (39.72,45.47) (57.31,45.92) (78.25,48.12) (92.77,51.37) (47.20,83.45) (78.74,85.87) 
9 ca1005212ed9d94b41c8989618b6f0f6 6 0 -9 (26.75,47.85) (44.38,47.20) (65.24,42.48) (82.18,39.63) (45.49,86.81) (77.70,83.49) 
10 291003eda7c84d1a243aef362d1bbbb5 22 0 3 (30.24,45.10) (47.92,46.16) (71.37,47.83) (86.01,47.10) (37.17,83.95) (79.19,85.04) 
8 b3a8406dc897e77f970535dde23cb9be 3 -1 7 (38.99,42.29) (58.33,46.65) (80.60,50.80) (100.12,50.34) (38.96,81.60) (79.65,89.42) 
6 a429a050438c3221a0dcecc5b5f99d8e -16 -2 11 (38.53,41.28) (54.74,45.20) (76.16,51.52) (93.65,52.16) (39.83,78.53) (76.02,87.25) 
8 7450f5038e13760fd5c92d31361f39fc 0 0 0 (31.60,45.07) (49.17,45.84) (72.38,45.60) (89.69,44.05) (43.09,80.78) (77.15,80.23) 
8 79463704c5efd8be0d0f531462fa46c1 0 0 -3 (32.12,48.83) (51.13,47.67) (76.44,46.69) (93.69,43.70) (50.10,88.50) (85.38,83.41) 
0 4396cccff793e94ca419cdff7913c3ba -4 28 2 (32.97,53.41) (52.51,52.87) (80.09,55.14) (101.97,55.75) (42.13,102.32) (79.79,96.39) 
8 7a99551ebe317f9e760c3688df28237d -2 0 3 (34.98,39.94) (50.86,43.32) (72.57,45.41) (90.25,43.82) (42.49,81.54) (77.61,81.66) 
0 506e3f43ebd5bec55b4b7c056cde145d 0 27 -5 (27.08,46.21) (44.18,44.89) (65.07,42.22) (82.02,41.44) (43.85,84.44) (76.08,81.58) 
8 2b892cc5d7bb812a69fad58560190a52 0 0 -17 (27.90,48.87) (42.39,46.10) (61.62,39.25) (77.54,33.38) (44.18,81.83) (79.12,70.23) 
7 36a760ca8c893b2dee8ebb0a45ff5d77 -12 0 2 (37.60,47.09) (53.74,48.78) (76.91,49.58) (94.29,49.03) (45.18,87.68) (81.78,88.46) 
7 5a7ac04e2d2e847e31bd449e0b32f8e0 -6 0 -4 (34.94,51.01) (52.48,49.03) (75.00,47.14) (94.66,45.79) (47.64,91.12) (83.37,87.51) 
8 984305a99f9a5a0b0a3fa655ece07fbe 0 0 0 (34.65,45.21) (51.52,43.60) (76.96,43.93) (94.58,45.07) (43.51,84.39) (88.71,85.61) 
8 f473c03f14b19086785cc6692202e14a 0 0 1 (32.78,42.17) (48.63,42.26) (70.49,42.91) (88.12,44.17) (38.65,79.06) (78.91,80.94) 
8 7e0ae85c954a3aecd6b689fb41702ddd 0 0 5 (39.64,43.95) (54.19,46.46) (74.80,48.71) (91.50,49.22) (47.96,87.59) (81.06,85.78) 
8 b078814a3a8965cd15a01ab4d125d31e 2 0 1 (35.21,49.04) (53.82,49.77) (72.70,51.03) (89.34,49.35) (46.33,85.93) (77.08,87.46) 
8 f895118466257d056385817262a272f6 0 0 0 (32.71,43.77) (48.65,45.39) (68.05,44.71) (84.96,44.74) (40.76,80.08) (72.36,81.81) 
8 18c22689ba94ab40ea51ea9af6ace203 0 0 0 (34.79,45.84) (51.89,46.28) (76.66,46.65) (95.46,46.47) (43.55,85.30) (85.28,85.93) 
10 ddc00c641bbc21dc5e4608f3578d200e 22 0 4 (36.00,43.94) (53.94,45.74) (75.74,48.26) (90.97,47.89) (39.58,84.47) (83.72,88.31) 
10 19bf4431fe0e320166739b1ddd4b34b7 22 0 -1 (30.24,45.09) (48.69,45.90) (71.90,45.06) (88.04,43.37) (39.86,82.82) (78.48,82.61) 
8 ee08c45caca79d27789f27bb77ed42a3 0 0 3 (39.86,49.12) (58.64,51.29) (84.34,53.22) (103.78,53.07) (45.49,95.29) (91.59,98.42) 
8 08387ce30f474fe4528cce4a763d99ea 0 0 -2 (28.47,46.58) (45.55,45.79) (69.09,44.58) (86.15,43.44) (36.90,83.05) (81.32,80.03) 
6 0ae631f3cb220cb07f20bc7c12115ee7 -22 0 5 (33.92,41.51) (50.93,43.11) (74.27,46.66) (94.13,46.81) (37.27,82.89) (83.97,86.94) 
8 9717803843794764124e682c410576dc -1 0 -2 (32.58,48.07) (49.23,48.17) (72.31,46.62) (90.29,45.59) (41.01,86.01) (84.36,84.70) 
6 f7d0c63d1460e613dc5659347214655f -18 0 -12 (31.22,51.05) (47.40,50.52) (70.06,44.59) (87.37,39.87) (50.66,86.55) (83.89,80.10) 
6 81b0b393accec1fec1cd82b70ae6480c -23 0 -3 (37.53,49.15) (53.97,48.91) (75.31,47.74) (95.42,46.82) (50.33,95.59) (91.80,93.51) 
6 7a8fd3e9ddc41bc03fd8da197e4d8acf -16 0 -2 (31.95,43.78) (47.73,45.31) (69.51,43.84) (86.81,41.39) (42.71,83.26) (78.86,80.39) 
10 8704b716de4a502876f44b8c545bc140 19 0 0 (33.78,47.58) (52.88,49.06) (72.95,49.22) (88.95,48.17) (47.08,90.99) (79.11,91.45) 
8 e9159c323407e6361ce94ad4c6ccc3ab 0 0 -2 (30.57,44.27) (48.58,45.14) (71.35,43.89) (89.75,41.72) (42.34,86.20) (81.04,82.78) 
8 d260362dcd3f837586be9656dcb4c825 0 0 1 (27.42,39.89) (43.19,40.70) (64.37,41.45) (80.64,41.03) (38.28,76.67) (70.25,77.29) 
8 99c33e08638ee7b683677d2e740b4870 0 0 -11 (32.51,52.97) (48.07,51.57) (70.82,46.42) (88.85,41.44) (50.02,90.38) (85.62,82.94) 
0 88b690bb6e203e161376cbe8c828b94d 0 25 -1 (35.10,45.45) (49.61,42.84) (69.60,43.26) (84.55,43.11) (47.21,78.25) (73.22,76.28) 
0 3c9c05041e2fa1cee14f76e0ce016cbe -41 -8 5 (44.11,40.17) (57.12,43.78) (79.02,45.63) (100.21,45.89) (53.59,90.15) (81.82,94.39) 
8 9c0de5eee0dc07769783da8f5cbb2fc1 0 0 0 (32.86,48.97) (51.23,49.43) (73.65,48.49) (87.77,50.59) (49.99,89.71) (84.87,88.48) 
10 8c2efcc48f986cac7e661e6c776530e7 16 0 0 (36.45,45.84) (54.27,46.89) (74.69,47.14) (91.86,46.54) (43.48,85.50) (81.53,85.86) 
8 b74b0be2626b53e536642c65ea7323c6 0 0 1 (36.63,47.20) (53.30,46.47) (76.47,48.00) (94.06,48.41) (50.19,95.85) (83.67,95.21) 
8 268ed68e85b011c0c4ff22cc64fe977f 0 0 4 (34.72,42.00) (52.38,44.64) (74.75,46.20) (90.91,46.74) (42.39,80.79) (76.48,86.70) 
10 994f54cc6dd2a1c4a20d9fab0e2fdede 22 0 2 (41.42,47.11) (63.48,51.50) (85.15,51.44) (102.59,50.84) (47.97,89.85) (85.76,94.19) 
9 5997d10506a8cfd50d6e74ef1eb55400 13 0 1 (27.00,34.69) (44.59,36.87) (64.19,37.44) (79.43,36.50) (29.73,71.38) (70.83,71.43) 
8 eb346ca44e25eb46733069c4d4b17728 0 0 1 (43.60,56.58) (64.14,58.31) (92.92,58.34) (114.72,57.57) (54.92,102.37) (97.74,102.73) 
8 80bf7b6505a5fc4d17cf3e818e81d091 0 0 -6 (35.84,49.80) (53.81,49.35) (72.96,46.79) (91.43,43.91) (52.43,94.95) (86.11,90.55) 
9 e128e029e8a2326d0507337f8632fd5f 6 0 -10 (35.82,53.50) (53.94,51.12) (71.75,47.24) (88.45,44.35) (50.24,94.32) (84.87,91.66) 
8 f4b6a38f86264bb5904d7662c661a867 0 0 3 (38.96,49.88) (59.96,52.59) (82.53,54.41) (100.91,53.29) (46.41,96.13) (91.33,96.29) 
8 7d38372cbf2be49d36837153d417a4bc 0 0 0 (35.50,49.84) (53.39,47.76) (77.33,48.52) (96.30,49.84) (44.48,92.43) (82.62,91.45) 
8 45c22c30ecc83483b5de8219f10dbcd7 4 0 -1 (31.63,50.55) (52.06,49.06) (77.59,47.56) (96.60,49.38) (47.46,96.52) (87.90,96.13) 
8 59d93b4d938978e91013cfb4d0fd4e2b 0 0 2 (37.99,48.59) (56.02,52.60) (77.79,52.70) (95.65,51.37) (48.17,89.86) (83.52,90.39) 
10 bbc0da994a450b370086ef65c94b682e 22 0 -7 (28.15,50.90) (45.81,47.17) (68.68,44.09) (83.58,42.99) (41.82,87.47) (81.86,77.76) 
8 116ea5429adc17d701ff9c8c7f4af8d4 0 0 0 (34.44,45.50) (50.38,44.42) (73.19,44.63) (89.77,44.52) (50.39,90.62) (79.28,90.11) 
10 42f04730b4c99a72108fd3f26fd819b8 20 0 0 (38.41,51.56) (55.92,51.15) (79.00,52.25) (93.76,50.35) (49.75,95.52) (81.93,96.55) 
8 cdd6db3aa8181ac32573696ae275aaad 0 0 -10 (33.41,58.94) (52.36,56.58) (75.87,51.80) (95.20,48.24) (55.97,108.09) (92.57,99.54) 
6 2591c000fcf50f7df14c02b09a33b533 -23 0 -7 (35.03,48.25) (47.66,45.78) (68.85,43.64) (88.21,42.12) (42.26,90.24) (75.43,86.59) 
7 85f114c05182503cad8baefc84f5b240 -10 0 -5 (15.05,24.05) (23.06,24.27) (34.61,23.65) (43.64,21.73) (23.83,48.04) (39.93,45.18) 
6 fcc3e9ebab4cf1e8b770c3121161dd21 -21 0 -5 (36.85,52.90) (54.74,50.70) (78.11,48.40) (97.75,46.89) (47.17,89.90) (91.55,87.95) 
10 396d6f6de7a08c424f8f0dae6d89841d 22 0 2 (37.62,45.89) (55.85,46.36) (74.28,46.72) (90.10,47.92) (47.83,93.97) (82.29,93.08) 
6 8b1820d2b5b548027cbca72843fc8e7d -22 0 -1 (40.05,50.13) (56.59,51.76) (78.53,50.89) (98.88,49.26) (52.31,95.29) (85.89,97.45) 
10 1e838ed20d6ab7691695100c232844f9 19 0 19 (47.52,48.00) (66.34,54.58) (89.00,62.92) (104.79,67.72) (44.44,90.46) (89.17,104.72) 
9 301977b5ce167c8c6f8f0786b669a034 13 0 -2 (32.54,50.94) (52.94,51.71) (79.26,50.45) (96.72,48.27) (51.86,99.28) (92.07,96.08) 
6 933d7f9fca3b30b5c4b5fef96d78e087 -22 0 -6 (33.70,53.39) (48.81,51.53) (73.20,50.17) (91.14,45.36) (48.72,94.94) (92.65,87.96) 
10 2cc082d17317a03c3779b7e00a02fc10 22 0 1 (33.10,42.01) (51.88,43.56) (70.13,42.45) (84.93,43.89) (43.12,88.66) (76.87,88.50) 
8 ce422cf7626e9dbcf418d21b8e4de6eb 0 0 -4 (35.84,53.33) (57.00,52.05) (74.29,49.65) (92.10,49.90) (55.22,95.30) (84.91,92.97) 
8 5db2e9bfe243587c9f6eeab31f316310 0 0 3 (34.06,44.45) (56.09,49.56) (75.16,52.38) (94.37,46.54) (43.88,88.67) (76.79,90.83) 
6 3050db6d99318035e642fd0d5d17e91b -22 0 -3 (36.04,48.58) (53.71,49.82) (74.03,48.25) (93.46,45.42) (47.48,92.61) (81.55,92.43) 
8 4c16a4fdcfca8e3e25f7097100560024 1 0 11 (37.95,39.04) (54.46,42.54) (73.11,47.50) (85.18,47.33) (40.59,76.25) (73.62,81.81) 
6 a4ecca9af6c114041591b058fa9d0501 -22 0 -3 (36.00,51.85) (53.71,52.86) (76.21,51.74) (98.02,48.53) (51.94,98.76) (83.34,97.04) 
10 e3a031c20cb22e108d72b2c8455c3a32 22 0 4 (29.81,38.53) (45.19,40.31) (65.26,42.62) (79.81,41.79) (39.72,82.78) (68.95,85.56) 
8 249c95ca2273040259257fd9ee67636c 0 0 7 (32.96,40.43) (50.92,42.42) (73.29,46.60) (92.66,47.46) (40.57,84.48) (75.51,88.11) 
6 84b23f7760141136a67febdf3f1ce113 -22 0 -2 (35.21,46.59) (49.32,44.35) (66.71,43.00) (86.62,43.60) (46.50,90.63) (75.32,86.79) 
9 ef3de689969f3131f8c685957ca601d2 9 0 3 (42.33,50.61) (61.59,50.22) (85.19,52.30) (102.03,53.20) (50.31,93.26) (88.90,97.79) 
8 c0b9374fdde9f33b47de911f37c48f48 0 0 -2 (18.15,28.29) (29.81,26.56) (43.82,27.00) (55.50,26.43) (26.50,56.50) (48.51,55.66) 
6 8f246c99df3ecc41a79136fb6f9c6e50 -20 0 4 (35.48,41.10) (48.93,41.40) (69.70,43.65) (86.88,44.25) (42.49,81.20) (76.06,83.93) 
8 56e2dbd3c70bfad32683050adfc740e5 0 0 8 (41.34,41.56) (56.72,43.44) (75.03,47.66) (92.88,47.69) (44.86,84.63) (77.12,84.87) 
6 0b91b61daea2dd8ea3ddb9447f747fcc -21 0 -9 (30.69,48.94) (48.14,43.97) (68.09,41.32) (88.46,38.12) (49.68,93.74) (82.60,90.68) 
8 a4e6794c962f89cf51a0d2f353697670 0 0 -1 (36.88,48.09) (51.89,48.29) (79.45,48.36) (97.14,45.90) (51.68,95.51) (85.02,93.08) 
9 43d9f9b00e1868a2d456bd47b3f27559 12 0 5 (31.41,41.59) (49.35,43.69) (72.97,46.33) (88.06,47.20) (41.69,86.21) (71.14,90.86) 
7 123f69bada3dd61fab395b833ccf651c -7 0 -3 (35.52,45.86) (49.81,45.23) (72.21,44.48) (90.05,43.06) (46.04,87.45) (83.61,86.32) 
8 4255a5ae14ffefaea5ef50dab14b7d1f 0 0 0 (40.63,56.50) (59.58,55.63) (82.02,54.36) (103.40,56.44) (54.69,107.55) (90.79,108.07) 
8 70fb8891eaee4a68ee056f1fb437a21c 0 0 3 (33.81,40.01) (50.52,41.32) (73.61,43.97) (91.56,42.56) (43.56,81.17) (80.68,81.20) 
8 8c2f5085fa02af43df4feb769eb5dba3 0 0 3 (37.36,50.67) (59.20,52.01) (79.78,54.97) (98.81,52.84) (47.08,89.18) (85.89,92.79) 
10 cb6001aaee1d1848e5702444560201ed 22 0 3 (32.11,43.91) (54.20,43.70) (74.88,45.84) (89.76,46.88) (42.69,92.63) (80.20,93.54) 
8 ff832c5506d8963c1ef0bf0f260bdcca 0 0 8 (33.68,45.30) (53.87,47.84) (78.14,51.13) (97.09,55.10) (44.57,95.96) (76.22,98.58) 
10 76811e29a56488eef4eeed0ba955842f 22 0 8 (38.62,46.02) (59.72,50.44) (83.13,53.90) (99.19,54.89) (47.90,95.65) (82.78,99.09) 
9 0fa92705b5dc4e4e027fe9598009be2e 6 0 -3 (29.71,47.98) (50.85,46.46) (70.94,45.05) (87.66,44.37) (45.95,95.15) (81.02,92.50) 
10 90f34c202fb46b544588421b38802a2b 23 0 2 (33.14,39.25) (49.00,40.27) (70.31,41.43) (87.09,40.89) (41.66,82.48) (74.48,85.63) 
6 d31e2118fe82268c88fd87c868e909e9 -22 0 -7 (34.50,53.70) (50.35,51.35) (76.77,47.95) (95.50,44.86) (51.78,97.73) (86.89,90.89) 
7 a90cdc90b9222e4a3d557eadd419edee -9 -1 1 (35.23,45.06) (49.60,46.45) (67.35,47.92) (84.98,45.88) (43.07,83.74) (74.15,83.79) 
6 cd020856d5e02df7bd8d99627d70a29e -21 0 4 (44.73,56.81) (63.74,58.28) (90.80,62.71) (116.05,61.37) (46.96,103.70) (95.87,108.57) 
0 223177bf6e4d4230b9ea558320934d82 1 29 -4 (28.00,51.72) (47.57,50.14) (67.97,48.35) (85.73,46.55) (44.70,89.24) (82.17,85.27) 
8 6bc447dd20ff459dc00d722e7cf1c3ce 0 0 -14 (28.99,52.99) (45.95,50.51) (66.89,45.73) (83.06,38.72) (50.68,92.21) (79.97,83.81) 
7 1fec6b94adbbf84cd063ed1178c386ca -6 0 2 (37.92,53.49) (59.45,56.39) (83.16,57.94) (105.35,55.83) (43.94,98.90) (88.98,101.00) 
8 e9821c6edf09a0b9870cedd23191da76 0 0 -9 (33.06,54.23) (52.55,54.66) (74.28,50.03) (92.00,44.75) (52.39,97.31) (87.20,91.37) 
8 17ce905cff58a7d8ddc7b7d00094a921 0 0 4 (34.24,42.87) (51.28,44.81) (69.53,46.51) (87.21,47.09) (40.96,82.63) (72.80,84.14) 
8 c2e2694e78860071c144188731b4004f 0 0 17 (47.08,42.86) (65.50,49.04) (87.32,58.52) (105.93,60.18) (41.47,90.25) (80.78,101.32) 
0 6c09bb14e0afe1879cbfc4074b9e5d79 0 21 -3 (29.54,44.33) (46.51,43.55) (66.32,43.61) (84.44,40.11) (42.20,81.54) (78.03,77.74) 
